{
  "camera_type": "perspective",
  "render_height": 1080.0,
  "render_width": 1920.0,
  "fps": 30.0,
  "seconds": 6.0,
  "is_cycle": false,
  "smoothness_value": 0.0,
  "default_fov": 39.33953629190312,
  "default_transition_sec": 2.0,
  "camera_path": [
    {
      "camera_to_world": [
        0.9998665937759376, -0.01315273160724923, -0.009685055610160523,
        0.4958471945322399, -0.011289278980579269, -0.12795443257138825,
        -0.9917157936452524, -5.123329763083937, 0.011804525869465735,
        0.9916928298806046, -0.12808584751015775, -0.5887302808321448, 0.0, 0.0,
        0.0, 1.0
      ],
      "fov": 39.33953629190312,
      "aspect": 1.7777777777777777
    },
    {
      "camera_to_world": [
        0.9999005818207475, -0.013509894363000215, -0.0040384686245679546,
        0.523235480701896, -0.005730334535892173, -0.12763942610894313,
        -0.9918040835612075, -5.123669037302793, 0.012883700580105321,
        0.9917286219812759, -0.12770415264384316, -0.5831430730737376, 0.0, 0.0,
        0.0, 1.0
      ],
      "fov": 39.33953629190312,
      "aspect": 1.7777777777777777
    },
    {
      "camera_to_world": [
        0.9998920303902833, -0.014153444433697555, 0.003950642056565466,
        0.560553322342266, 0.0021149488853373062, -0.12743899269528886,
        -0.9918441561717357, -5.121863169695908, 0.014541476995452648,
        0.9917454225513079, -0.12739529934545613, -0.579402171826949, 0.0, 0.0,
        0.0, 1.0
      ],
      "fov": 39.33953629190312,
      "aspect": 1.7777777777777777
    },
    {
      "camera_to_world": [
        0.9997822352329983, -0.014830652111535551, 0.014681071842901966,
        0.6093892932847296, 0.012680712942249275, -0.12697370820168605,
        -0.9918250233507869, -5.11852721606779, 0.016573522009099777,
        0.9917952052633948, -0.12675799455953135, -0.5766704616981138, 0.0, 0.0,
        0.0, 1.0
      ],
      "fov": 39.33953629190312,
      "aspect": 1.7777777777777777
    },
    {
      "camera_to_world": [
        0.9994801487719829, -0.01590318264096763, 0.02804498159427658,
        0.6694212463878728, 0.025812073501019495, -0.12649269288451076,
        -0.9916316531396135, -5.112732161294306, 0.01931758453620052,
        0.9918400513332345, -0.12601644138355075, -0.5740984079141014, 0.0, 0.0,
        0.0, 1.0
      ],
      "fov": 39.33953629190312,
      "aspect": 1.7777777777777777
    },
    {
      "camera_to_world": [
        0.9989125903772809, -0.017006819148318655, 0.04340973264380914,
        0.7369477726800407, 0.04093843013422267, -0.1255696659172086,
        -0.9912397812535502, -5.105546949409709, 0.02230878131803653,
        0.9919390238839768, -0.12473688777665978, -0.5710029254279809, 0.0, 0.0,
        0.0, 1.0
      ],
      "fov": 39.33953629190312,
      "aspect": 1.7777777777777777
    },
    {
      "camera_to_world": [
        0.997995402579882, -0.018566057875798174, 0.06050188364317038,
        0.8125743199014402, 0.05772468053530716, -0.12484522497555367,
        -0.9904955987069807, -5.096292692364259, 0.025942969886193542,
        0.9920025056902606, -0.12352324079997318, -0.5667364016422677, 0.0, 0.0,
        0.0, 1.0
      ],
      "fov": 39.33953629190312,
      "aspect": 1.7777777777777777
    },
    {
      "camera_to_world": [
        0.9966865099450413, -0.019800452459358433, 0.07889197028835176,
        0.89410279160968, 0.0758339419692522, -0.12454633113695864,
        -0.9893115912824063, -5.083039280867782, 0.029414522586259692,
        0.9920162062601234, -0.12263210174458677, -0.5653092170598973, 0.0, 0.0,
        0.0, 1.0
      ],
      "fov": 39.33953629190312,
      "aspect": 1.7777777777777777
    },
    {
      "camera_to_world": [
        0.9948733708769584, -0.02127469671655038, 0.09886537917560767,
        0.9820574094718402, 0.09549825197093444, -0.1240071882613828,
        -0.9876752002201948, -5.066772824163027, 0.033272508027105394,
        0.9920532266663542, -0.12133975305093316, -0.5661623576539626, 0.0, 0.0,
        0.0, 1.0
      ],
      "fov": 39.33953629190312,
      "aspect": 1.7777777777777777
    },
    {
      "camera_to_world": [
        0.9892781360810674, -0.02509937605975438, 0.1438707433545138,
        1.1766130862423856, 0.1397640653322791, -0.12305798217885111,
        -0.9825083913452669, -5.019066326880236, 0.04236479096801701,
        0.9920820300476573, -0.11823058040437606, -0.5684964686915569, 0.0, 0.0,
        0.0, 1.0
      ],
      "fov": 39.33953629190312,
      "aspect": 1.7777777777777777
    },
    {
      "camera_to_world": [
        0.9924392411167835, -0.02308857721089661, 0.12054571868763986,
        1.0764862285326238, 0.11681810366030161, -0.1236264698602594,
        -0.9854288541579761, -5.045101153206481, 0.03765479184319263,
        0.9920601864565814, -0.1199945961240713, -0.5669358164541642, 0.0, 0.0,
        0.0, 1.0
      ],
      "fov": 39.33953629190312,
      "aspect": 1.7777777777777777
    },
    {
      "camera_to_world": [
        0.9852496320268548, -0.027301513087454356, 0.1689313173277316,
        1.2820914357667863, 0.16442902798742204, -0.12237422046864789,
        -0.9787684327356508, -4.9879915687617125, 0.04739469744664249,
        0.9921084504971349, -0.11607999442675254, -0.5687322629228451, 0.0, 0.0,
        0.0, 1.0
      ],
      "fov": 39.33953629190312,
      "aspect": 1.7777777777777777
    },
    {
      "camera_to_world": [
        0.9803012895488279, -0.029941964682746174, 0.19522515324578985,
        1.3914955017348756, 0.1903045045071096, -0.12132065028391069,
        -0.974199925774475, -4.95298981640512, 0.05285430231502862,
        0.9921616695708548, -0.11323269916930064, -0.5656519177412195, 0.0, 0.0,
        0.0, 1.0
      ],
      "fov": 39.33953629190312,
      "aspect": 1.7777777777777777
    },
    {
      "camera_to_world": [
        0.9746731070344132, -0.03226353609854654, 0.22129482294509567,
        1.500018807432464, 0.2160187305706797, -0.1202101847183715,
        -0.9689610000059894, -4.914341821664357, 0.057863999745226276,
        0.9922240552054724, -0.11019610612490655, -0.5593339315412867, 0.0, 0.0,
        0.0, 1.0
      ],
      "fov": 39.33953629190312,
      "aspect": 1.7777777777777777
    },
    {
      "camera_to_world": [
        0.9682858440355465, -0.034385711651064924, 0.24746746669940078,
        1.6069894102066156, 0.24184742413103227, -0.11960329282876107,
        -0.9629147811648249, -4.872203004564652, 0.06270843389492205,
        0.992226120991968, -0.10749407955640508, -0.5510448168998933, 0.0, 0.0,
        0.0, 1.0
      ],
      "fov": 39.33953629190312,
      "aspect": 1.7777777777777777
    },
    {
      "camera_to_world": [
        0.9612890563521116, -0.03632821354626455, 0.2731366160700608,
        1.7124882952451528, 0.2672126095802478, -0.11897820635234949,
        -0.9562644026076114, -4.827533377094634, 0.06723668209378657,
        0.9922320531577856, -0.10466509096783101, -0.5433911475976383, 0.0, 0.0,
        0.0, 1.0
      ],
      "fov": 39.33953629190312,
      "aspect": 1.7777777777777777
    },
    {
      "camera_to_world": [
        0.953648879224424, -0.038233866465909754, 0.2984828078953075,
        1.8164361696676743, 0.2922780302451441, -0.11833962360090836,
        -0.9489832909603909, -4.779836782072606, 0.0716056435626321,
        0.9922368189807623, -0.10167953023553448, -0.5363090020862944, 0.0, 0.0,
        0.0, 1.0
      ],
      "fov": 39.33953629190312,
      "aspect": 1.7777777777777777
    },
    {
      "camera_to_world": [
        0.9453894681499883, -0.039817494470871115, 0.323501654779608,
        1.918393740551394, 0.31701140932269545, -0.11842658993450686,
        -0.9409988890300148, -4.7282676650385165, 0.07577941587476755,
        0.9921641547297232, -0.09933665083509065, -0.530448337236888, 0.0, 0.0,
        0.0, 1.0
      ],
      "fov": 39.33953629190312,
      "aspect": 1.7777777777777777
    },
    {
      "camera_to_world": [
        0.936233913869307, -0.04174053682734049, 0.34888936083853905,
        2.01898423448591, 0.34208565513645034, -0.11855427503337021,
        -0.9321600122410194, -4.673550809684436, 0.08027118456098935,
        0.9920698621854599, -0.09671569403410255, -0.5273121027845905, 0.0, 0.0,
        0.0, 1.0
      ],
      "fov": 39.33953629190312,
      "aspect": 1.7777777777777777
    },
    {
      "camera_to_world": [
        0.9265166389874235, -0.04398764734503212, 0.3736736605120808,
        2.1181859479488088, 0.3665760835332362, -0.11826831876150946,
        -0.9228404952963214, -4.615313462822783, 0.08478733785703217,
        0.9920069010134835, -0.09345274571002395, -0.5244110622376171, 0.0, 0.0,
        0.0, 1.0
      ],
      "fov": 39.33953629190312,
      "aspect": 1.7777777777777777
    },
    {
      "camera_to_world": [
        0.9159647735481209, -0.04660151573556951, 0.3985433882905181,
        2.2160143539016697, 0.3911621509980352, -0.11770483854714073,
        -0.9127637934368242, -4.5537178882556475, 0.08944666145547019,
        0.9919545703880491, -0.0895847366504557, -0.518705695609899, 0.0, 0.0,
        0.0, 1.0
      ],
      "fov": 39.33953629190312,
      "aspect": 1.7777777777777777
    },
    {
      "camera_to_world": [
        0.9045950792512183, -0.04896203237314336, 0.42345066062101416,
        2.312630128821407, 0.4157808412922912, -0.11768713310658989,
        -0.9018181805194585, -4.489482472594479, 0.09398954520986168,
        0.9918429603959705, -0.0861017264879184, -0.5108144690212023, 0.0, 0.0,
        0.0, 1.0
      ],
      "fov": 39.33953629190312,
      "aspect": 1.7777777777777777
    },
    {
      "camera_to_world": [
        0.8925436992019343, -0.05150080910304086, 0.4480105039802733,
        2.407661773138285, 0.44006780312190485, -0.1175677584223229,
        -0.8902348852044667, -4.423356138953077, 0.0985194075823987,
        0.9917285358611412, -0.08227051408816362, -0.5033105278098657, 0.0, 0.0,
        0.0, 1.0
      ],
      "fov": 39.33953629190312,
      "aspect": 1.7777777777777777
    },
    {
      "camera_to_world": [
        0.8797789151628841, -0.05385147173386835, 0.4723230667952979,
        2.500971150907601, 0.4641268353812297, -0.11762924541026319,
        -0.8779234826015403, -4.3545817633207635, 0.10283647754480833,
        0.9915963793884629, -0.07849381676200795, -0.49473207289200977, 0.0,
        0.0, 0.0, 1.0
      ],
      "fov": 39.33953629190312,
      "aspect": 1.7777777777777777
    },
    {
      "camera_to_world": [
        0.8664575330414993, -0.056266299062822676, 0.49607000214224994,
        2.592199433092862, 0.4876413620622222, -0.11765205925202717,
        -0.8650802823783802, -4.284045101810891, 0.1070385231668463,
        0.9914595788752714, -0.07450273830356857, -0.48587159097616156, 0.0,
        0.0, 0.0, 1.0
      ],
      "fov": 39.33953629190312,
      "aspect": 1.7777777777777777
    },
    {
      "camera_to_world": [
        0.8524048153635968, -0.058825279290416116, 0.5195629098207042,
        2.6810087134090264, 0.5109261528364568, -0.11757056591360449,
        -0.851546609633608, -4.211148029898176, 0.11117777247584318,
        0.9913207092294398, -0.07016234289239719, -0.47442817005323595, 0.0,
        0.0, 0.0, 1.0
      ],
      "fov": 39.33953629190312,
      "aspect": 1.7777777777777777
    },
    {
      "camera_to_world": [
        0.8376335215484715, -0.06064957625482925, 0.5428551487076599,
        2.767913518460577, 0.5339664280374621, -0.11851237370258741,
        -0.8371586892628493, -4.135908786801544, 0.11510837201185599,
        0.9910986056793178, -0.06688509933678989, -0.4641079808438383, 0.0, 0.0,
        0.0, 1.0
      ],
      "fov": 39.33953629190312,
      "aspect": 1.7777777777777777
    },
    {
      "camera_to_world": [
        0.8222743716313267, -0.062453541026421776, 0.5656539692882635,
        2.8523507941356336, 0.5565155422944733, -0.11955612014681666,
        -0.8221902366971579, -4.05825158387157, 0.11897608559284072,
        0.9908611857110465, -0.06355156731587384, -0.4594059805328942, 0.0, 0.0,
        0.0, 1.0
      ],
      "fov": 39.33953629190312,
      "aspect": 1.7777777777777777
    },
    {
      "camera_to_world": [
        0.80603810542937, -0.0656499185751982, 0.5882114082427351,
        2.9352307410056895, 0.5789013350773875, -0.11940683959635164,
        -0.8066072469939936, -3.9782692299884084, 0.12319016536010484,
        0.9906725467321081, -0.058241637252647936, -0.4539356412171105, 0.0,
        0.0, 0.0, 1.0
      ],
      "fov": 39.33953629190312,
      "aspect": 1.7777777777777777
    },
    {
      "camera_to_world": [
        0.7889759135161033, -0.06864704675452762, 0.6105772603555686,
        3.0164483154298605, 0.6010520506282424, -0.11996379525009017,
        -0.7901551241780179, -3.8963352145943007, 0.1274889811984344,
        0.990402075321471, -0.053388096724917025, -0.44152188518533136, 0.0,
        0.0, 0.0, 1.0
      ],
      "fov": 39.33953629190312,
      "aspect": 1.7777777777777777
    },
    {
      "camera_to_world": [
        0.7712494508012709, -0.07134474708538549, 0.6325221037260751,
        3.097217257725367, 0.622797187409432, -0.12074111546615333,
        -0.7730105085902061, -3.814479475468427, 0.1315216635905978,
        0.9901169173887049, -0.048688211171188135, -0.42448452802487086, 0.0,
        0.0, 0.0, 1.0
      ],
      "fov": 39.33953629190312,
      "aspect": 1.7777777777777777
    },
    {
      "camera_to_world": [
        0.7530324548295059, -0.07316552684651453, 0.6539028426721512,
        3.1782946541420354, 0.6439501138226797, -0.12220482526389981,
        -0.7552444846471754, -3.7345617170390035, 0.13516794324545253,
        0.9898044182380132, -0.04490925021977591, -0.4080694202110519, 0.0, 0.0,
        0.0, 1.0
      ],
      "fov": 39.33953629190312,
      "aspect": 1.7777777777777777
    },
    {
      "camera_to_world": [
        0.7164682622255988, -0.07650273472718958, 0.6934122589071319,
        3.33858159022576, 0.6831004815450814, -0.1247991593859672,
        -0.7195824497091585, -3.5735702745741347, 0.1415872922839757,
        0.989228235239885, -0.03715558192082063, -0.39320538767320207, 0.0, 0.0,
        0.0, 1.0
      ],
      "fov": 39.33953629190312,
      "aspect": 1.7777777777777777
    },
    {
      "camera_to_world": [
        0.7347483806560151, -0.0749267706731186, 0.6741889914258918,
        3.2599419809157304, 0.6640422939969239, -0.12353374086622639,
        -0.737419315349753, -3.6552102449719137, 0.13853753609280772,
        0.9895076522716204, -0.04101167137828055, -0.3979760297503543, 0.0, 0.0,
        0.0, 1.0
      ],
      "fov": 39.33953629190312,
      "aspect": 1.7777777777777777
    },
    {
      "camera_to_world": [
        0.6977504155603139, -0.07774890135295655, 0.712109167139293,
        3.412672643406015, 0.7016142435233219, -0.12636116580243986,
        -0.7012633664054078, -3.487250715330875, 0.1445054008354218,
        0.9889327399350558, -0.03361881934181417, -0.39448034456111547, 0.0,
        0.0, 0.0, 1.0
      ],
      "fov": 39.33953629190312,
      "aspect": 1.7777777777777777
    },
    {
      "camera_to_world": [
        0.6781279749123299, -0.08017535347026546, 0.7305575694886882,
        3.4839658180100925, 0.7199249498338679, -0.12746402131670767,
        -0.6822470152931971, -3.39814976556518, 0.1478192012155541,
        0.9885974084356542, -0.02871668132468743, -0.39560195509594814, 0.0,
        0.0, 0.0, 1.0
      ],
      "fov": 39.33953629190312,
      "aspect": 1.7777777777777777
    },
    {
      "camera_to_world": [
        0.6579163540086245, -0.08213579663602134, 0.7485985453091426,
        3.552331851089143, 0.7377930091573006, -0.12904152110636283,
        -0.6625781172580115, -3.3063513855257645, 0.1510216764792842,
        0.9882317525467, -0.024299310522402872, -0.392558746156829, 0.0, 0.0,
        0.0, 1.0
      ],
      "fov": 39.33953629190312,
      "aspect": 1.7777777777777777
    },
    {
      "camera_to_world": [
        0.6368736639173077, -0.08485614942333754, 0.7662841314509837,
        3.6171571293471296, 0.7553738415826183, -0.13021687021815542,
        -0.6422257594984071, -3.21242087990864, 0.15427992630689796,
        0.9878476606317557, -0.018833579667866068, -0.3880628946856861, 0.0,
        0.0, 0.0, 1.0
      ],
      "fov": 39.33953629190312,
      "aspect": 1.7777777777777777
    },
    {
      "camera_to_world": [
        0.6153396061912226, -0.08762077048988554, 0.7833771566947746,
        3.6768153972486277, 0.772407195632318, -0.1312968011756402,
        -0.6214082990566364, -3.117254422194647, 0.15730318874024388,
        0.9874632907504984, -0.01311320831635016, -0.37784037106125645, 0.0,
        0.0, 0.0, 1.0
      ],
      "fov": 39.33953629190312,
      "aspect": 1.7777777777777777
    },
    {
      "camera_to_world": [
        0.5929351550738545, -0.09022575093094391, 0.8001794897062102,
        3.7336481438088085, 0.789087875283895, -0.13298942319342047,
        -0.5997117127409044, -3.0197892917468008, 0.16052484841136508,
        0.9870020907716602, -0.0076580581663807335, -0.36339031338078287, 0.0,
        0.0, 0.0, 1.0
      ],
      "fov": 39.33953629190312,
      "aspect": 1.7777777777777777
    },
    {
      "camera_to_world": [
        0.5700582405216528, -0.09343902458140825, 0.8162736986444147,
        3.787299900778185, 0.8051204165531829, -0.13448391089712236,
        -0.5776635634684296, -2.921070435264455, 0.16375199926287046,
        0.9865004948782793, -0.0014339952311778086, -0.34301611516752, 0.0, 0.0,
        0.0, 1.0
      ],
      "fov": 39.33953629190312,
      "aspect": 1.7777777777777777
    },
    {
      "camera_to_world": [
        0.5218870758097944, -0.0984823143114959, 0.8473105179746996,
        3.8851991295761494, 0.8360520861540744, -0.13805035309417601,
        -0.5309981254656115, -2.7192898358885293, 0.16926544047773595,
        0.9855167851327674, 0.010289649238578254, -0.28905247466962963, 0.0,
        0.0, 0.0, 1.0
      ],
      "fov": 39.33953629190312,
      "aspect": 1.7777777777777777
    },
    {
      "camera_to_world": [
        0.5462801138245055, -0.09624582566735672, 0.8320545524672607,
        3.837827156302938, 0.8208838272857479, -0.13596654391836532,
        -0.5546736347038658, -2.821006327122687, 0.16651660379850303,
        0.9860273018413356, 0.004730822646047465, -0.31669820130576715, 0.0,
        0.0, 0.0, 1.0
      ],
      "fov": 39.33953629190312,
      "aspect": 1.7777777777777777
    },
    {
      "camera_to_world": [
        0.4972334765812742, -0.10118649436981322, 0.8616960967325124,
        3.929762086402929, 0.8504609862510194, -0.13968467938638157,
        -0.5071531338852866, -2.617200263758415, 0.1716827907270941,
        0.9850124281966557, 0.016599267040603386, -0.2605422570330562, 0.0, 0.0,
        0.0, 1.0
      ],
      "fov": 39.33953629190312,
      "aspect": 1.7777777777777777
    },
    {
      "camera_to_world": [
        0.47216224917114424, -0.10380292121810121, 0.8753786403632631,
        3.971079918778833, 0.8641708462307727, -0.14149451464518611,
        -0.48289548646691016, -2.51479009814159, 0.17398723798726415,
        0.9844817194198742, 0.02289508999002225, -0.2288317443625824, 0.0, 0.0,
        0.0, 1.0
      ],
      "fov": 39.33953629190312,
      "aspect": 1.7777777777777777
    },
    {
      "camera_to_world": [
        0.4466088895196214, -0.10541051815075339, 0.8884982399899505,
        4.010034433499617, 0.877247159777898, -0.1437555406755913,
        -0.45800847719958065, -2.41057178543016, 0.1760054557781119,
        0.9839832148915235, 0.028268575275046497, -0.2001446580585161, 0.0, 0.0,
        0.0, 1.0
      ],
      "fov": 39.33953629190312,
      "aspect": 1.7777777777777777
    },
    {
      "camera_to_world": [
        0.42069815577992786, -0.10722069466830485, 0.9008422638610004,
        4.047461107180521, 0.8895263611676147, -0.14630076778891626,
        -0.4328266837110145, -2.3050758309326174, 0.1782018925580436,
        0.9834123285678391, 0.03382717117217674, -0.17502898070970452, 0.0, 0.0,
        0.0, 1.0
      ],
      "fov": 39.33953629190312,
      "aspect": 1.7777777777777777
    },
    {
      "camera_to_world": [
        0.39473648933151445, -0.10948761370170473, 0.9122475357248916,
        4.083816228027539, 0.9009790761632394, -0.14844593281386487,
        -0.40767696690769395, -2.198362752480736, 0.18005501466570334,
        0.9828409166680677, 0.040049022669792725, -0.1523214318797971, 0.0, 0.0,
        0.0, 1.0
      ],
      "fov": 39.33953629190312,
      "aspect": 1.7777777777777777
    },
    {
      "camera_to_world": [
        0.3681737218000221, -0.11123943017645276, 0.923078490568347,
        4.117655578066376, 0.9118249943224744, -0.1508482779201858,
        -0.38186381967572336, -2.090248010173133, 0.18172311439313077,
        0.9822782631324654, 0.04589252088008052, -0.13106344192032318, 0.0, 0.0,
        0.0, 1.0
      ],
      "fov": 39.33953629190312,
      "aspect": 1.7777777777777777
    },
    {
      "camera_to_world": [
        0.3413077736008236, -0.11353982444557206, 0.9330689749126362,
        4.14823684673979, 0.9219301272315245, -0.15301507350409152,
        -0.35585281758530785, -1.9803945687872746, 0.18317708421774234,
        0.9816797316566162, 0.05245055073190336, -0.11147365130860323, 0.0, 0.0,
        0.0, 1.0
      ],
      "fov": 39.33953629190312,
      "aspect": 1.7777777777777777
    },
    {
      "camera_to_world": [
        0.2857928631639163, -0.11756273848865013, 0.9510528070951788,
        4.198298759849553, 0.9400596118090236, -0.15827541623159527,
        -0.30205433097736345, -1.7563348771645544, 0.18603861322327256,
        0.9803713047288586, 0.06528199793355807, -0.07257340452312376, 0.0, 0.0,
        0.0, 1.0
      ],
      "fov": 39.33953629190312,
      "aspect": 1.7777777777777777
    },
    {
      "camera_to_world": [
        0.31403700564432285, -0.11608720101181658, 0.942286856985275,
        4.175095437812821, 0.9312733352419281, -0.15540782368312175,
        -0.3295123418105154, -1.8692858646984027, 0.18469091518892236,
        0.981005693204335, 0.05930510726202631, -0.0913309441457326, 0.0, 0.0,
        0.0, 1.0
      ],
      "fov": 39.33953629190312,
      "aspect": 1.7777777777777777
    },
    {
      "camera_to_world": [
        0.25743260411418734, -0.1193045850596698, 0.9589029514621005,
        4.217799646870011, 0.9479870206576808, -0.16107958071559733,
        -0.27454321579864444, -1.641957114699854, 0.18721394981026865,
        0.9797039270413421, 0.07163206220827961, -0.0573813120491341, 0.0, 0.0,
        0.0, 1.0
      ],
      "fov": 39.33953629190312,
      "aspect": 1.7777777777777777
    },
    {
      "camera_to_world": [
        0.2284591162932888, -0.12047090252781942, 0.966071008687572,
        4.234399028511315, 0.9552142820693229, -0.16396122095270949,
        -0.24633796571881694, -1.5261543826855237, 0.18807473916844283,
        0.9790829789490927, 0.07761709102312966, -0.04575242717788718, 0.0, 0.0,
        0.0, 1.0
      ],
      "fov": 39.33953629190312,
      "aspect": 1.7777777777777777
    },
    {
      "camera_to_world": [
        0.19963234791943804, -0.12154926977845822, 0.9723027824091093,
        4.24818069620438, 0.9614629238139849, -0.16713449878092504,
        -0.2183004934678619, -1.4087802383754677, 0.18903960377454102,
        0.9784129160704966, 0.08349966389867682, -0.0368334523650408, 0.0, 0.0,
        0.0, 1.0
      ],
      "fov": 39.33953629190312,
      "aspect": 1.7777777777777777
    },
    {
      "camera_to_world": [
        0.17050288504658134, -0.12255285588286476, 0.9777062768059462,
        4.2577846898613565, 0.9668690721564976, -0.17049939069761585,
        -0.18998461800623426, -1.290597720784895, 0.18998148198712755,
        0.9777068861814852, 0.08942192804496674, -0.028511806961646628, 0.0,
        0.0, 0.0, 1.0
      ],
      "fov": 39.33953629190312,
      "aspect": 1.7777777777777777
    },
    {
      "camera_to_world": [
        0.14103723597049778, -0.12387416468680844, 0.9822238489229159,
        4.263675149700799, 0.9714356773527251, -0.17393907226031258,
        -0.1614246694513366, -1.1725412653379341, 0.19084345112173393,
        0.9769341791873019, 0.0958038971001657, -0.020472908458323717, 0.0, 0.0,
        0.0, 1.0
      ],
      "fov": 39.33953629190312,
      "aspect": 1.7777777777777777
    },
    {
      "camera_to_world": [
        0.11151854827470388, -0.12549799134682332, 0.9858062018260059,
        4.265998816346322, 0.9751257815349605, -0.17739504431112393,
        -0.13289359818925575, -1.0547081012971555, 0.19155501449070853,
        0.976105144142662, 0.1025934890804354, -0.010090971062661973, 0.0, 0.0,
        0.0, 1.0
      ],
      "fov": 39.33953629190312,
      "aspect": 1.7777777777777777
    },
    {
      "camera_to_world": [
        0.08181551856764058, -0.1274192302675802, 0.9884687960069987,
        4.264097326159154, 0.9779645028663994, -0.18087274467716127,
        -0.10426160063142553, -0.9385779619840879, 0.19207199706043698,
        0.9752176116082849, 0.1098132867837389, 0.004068552851457712, 0.0, 0.0,
        0.0, 1.0
      ],
      "fov": 39.33953629190312,
      "aspect": 1.7777777777777777
    },
    {
      "camera_to_world": [
        0.05163074277589643, -0.1290981178194725, 0.9902867980417981,
        4.259290199533409, 0.9799396846185559, -0.18458083590779692,
        -0.07515403864904788, -0.8230182385977042, 0.19249020990713483,
        0.9743015913930596, 0.11697832320074789, 0.024203440886375216, 0.0, 0.0,
        0.0, 1.0
      ],
      "fov": 39.33953629190312,
      "aspect": 1.7777777777777777
    },
    {
      "camera_to_world": [
        0.021357689022936308, -0.12996653435091038, 0.9912883279189837,
        4.251305227231549, 0.9810613668420871, -0.18820158267242398,
        -0.045812212013085385, -0.7089123507952293, 0.1925160866253434,
        0.973493124900432, 0.12348559495769089, 0.04676083271777321, 0.0, 0.0,
        0.0, 1.0
      ],
      "fov": 39.33953629190312,
      "aspect": 1.7777777777777777
    },
    {
      "camera_to_world": [
        -0.03742868734001914, -0.13097555328714197, 0.9906788065791715,
        4.2265901880565835, 0.9806992382761317, -0.1951987647188941,
        0.011244834228840594, -0.48379191872339894, 0.19190648089269785,
        0.971978830373041, 0.1357536588753163, 0.08764502691637174, 0.0, 0.0,
        0.0, 1.0
      ],
      "fov": 39.33953629190312,
      "aspect": 1.7777777777777777
    },
    {
      "camera_to_world": [
        -0.008627854721384505, -0.1306408298013817, 0.9913922199168763,
        4.240284535962727, 0.9812926489992838, -0.1917934363304652,
        -0.016733642774938287, -0.5955835781563408, 0.1923286175868638,
        0.9727015222406913, 0.12985165184843697, 0.06832840916269156, 0.0, 0.0,
        0.0, 1.0
      ],
      "fov": 39.33953629190312,
      "aspect": 1.7777777777777777
    },
    {
      "camera_to_world": [
        -0.06634461387372839, -0.1306534882018695, 0.9892057714301054,
        4.209675453209447, 0.9793091907474861, -0.19848426878768044,
        0.03946522470889753, -0.3717892969269178, 0.19118551495196975,
        0.971356608596711, 0.14111852397203695, 0.1029935421033974, 0.0, 0.0,
        0.0, 1.0
      ],
      "fov": 39.33953629190312,
      "aspect": 1.7777777777777777
    },
    {
      "camera_to_world": [
        -0.0958255617281645, -0.13140833017873774, 0.9866860252781114,
        4.189643869435438, 0.9770072661878827, -0.20208064208730644,
        0.06797217011146807, -0.2598543935854117, 0.19045803615379991,
        0.9705128875255692, 0.1477513844646474, 0.11667129543721319, 0.0, 0.0,
        0.0, 1.0
      ],
      "fov": 39.33953629190312,
      "aspect": 1.7777777777777777
    },
    {
      "camera_to_world": [
        -0.12538502916798935, -0.1311197873632773, 0.9834054076637745,
        4.166671061463933, 0.9737945582094512, -0.20584092860445785,
        0.09671437593717513, -0.1474112565864005, 0.1897439139003022,
        0.969761369344574, 0.1534931062449753, 0.13200834028287856, 0.0, 0.0,
        0.0, 1.0
      ],
      "fov": 39.33953629190312,
      "aspect": 1.7777777777777777
    },
    {
      "camera_to_world": [
        -0.15461614246055677, -0.13125520276546684, 0.9792169934379272,
        4.140787992763242, 0.9697904863785194, -0.20944714125313726,
        0.12505321887342052, -0.03562148899082759, 0.1886803143423608,
        0.9689705706407623, 0.1596739559595846, 0.1443534400111606, 0.0, 0.0,
        0.0, 1.0
      ],
      "fov": 39.33953629190312,
      "aspect": 1.7777777777777777
    },
    {
      "camera_to_world": [
        -0.18396387773956746, -0.13184978803719283, 0.9740497549312175,
        4.1113921964732985, 0.9648799006984212, -0.21327622150765546,
        0.15336241575959456, 0.07415390444234947, 0.18752084928141355,
        0.9680541755160011, 0.1664543311266263, 0.15871771748342575, 0.0, 0.0,
        0.0, 1.0
      ],
      "fov": 39.33953629190312,
      "aspect": 1.7777777777777777
    },
    {
      "camera_to_world": [
        -0.2135969196295495, -0.1322662235954061, 0.9679266511572963,
        4.076910309638052, 0.959003063531862, -0.21728414478179153,
        0.18193604525478038, 0.18268014941604319, 0.18625112096648386,
        0.9671056025699859, 0.17325493763951633, 0.17590869449537094, 0.0, 0.0,
        0.0, 1.0
      ],
      "fov": 39.33953629190312,
      "aspect": 1.7777777777777777
    },
    {
      "camera_to_world": [
        -0.24332618405359405, -0.1327458209555718, 0.960817836622919,
        4.038697301456368, 0.9521621888154395, -0.22150322362754063,
        0.21053144210021835, 0.29030522591565894, 0.18487707901226233,
        0.9660822268013416, 0.18029308559801926, 0.19487378319296117, 0.0, 0.0,
        0.0, 1.0
      ],
      "fov": 39.33953629190312,
      "aspect": 1.7777777777777777
    },
    {
      "camera_to_world": [
        -0.272861137495825, -0.1325432150860761, 0.9528793710534039,
        3.9963244920094216, 0.9444287079188787, -0.2256233177639137,
        0.23905759586317504, 0.396231636687891, 0.18330634277940736,
        0.9651561607407634, 0.18674145249780036, 0.21454510907660146, 0.0, 0.0,
        0.0, 1.0
      ],
      "fov": 39.33953629190312,
      "aspect": 1.7777777777777777
    },
    {
      "camera_to_world": [
        -0.3027412040819666, -0.132538442784805, 0.9438121235368708,
        3.9507135189108147, 0.9356621086349648, -0.22975138233517958,
        0.26786325014798734, 0.5011643210923811, 0.18133996199340646,
        0.9641824845428655, 0.19356640897887417, 0.2342371417822354, 0.0, 0.0,
        0.0, 1.0
      ],
      "fov": 39.33953629190312,
      "aspect": 1.7777777777777777
    },
    {
      "camera_to_world": [
        -0.33292136682656426, -0.13133497601633606, 0.9337636144041584,
        3.901723505456678, 0.9257450256466737, -0.23384903021145292,
        0.29717129497917494, 0.6047452062125251, 0.17933073077632009,
        0.963361694870598, 0.19943603950961214, 0.2526955839754052, 0.0, 0.0,
        0.0, 1.0
      ],
      "fov": 39.33953629190312,
      "aspect": 1.7777777777777777
    },
    {
      "camera_to_world": [
        -0.3621224421069873, -0.13037001538391652, 0.9229685780194626,
        3.850212114227166, 0.9151482973488342, -0.23787151903593448,
        0.32545465781129396, 0.7075106291386409, 0.1771184089303003,
        0.9625075581627057, 0.20544651298492392, 0.26811122816582794, 0.0, 0.0,
        0.0, 1.0
      ],
      "fov": 39.33953629190312,
      "aspect": 1.7777777777777777
    },
    {
      "camera_to_world": [
        -0.39077945585809837, -0.12975652053856196, 0.9112928520826736,
        3.7952552046198953, 0.9037740368639265, -0.24187120232951756,
        0.3531158616861532, 0.8082462785220355, 0.17459641224816008,
        0.9615932439765783, 0.2117888712106262, 0.28318291374660176, 0.0, 0.0,
        0.0, 1.0
      ],
      "fov": 39.33953629190312,
      "aspect": 1.7777777777777777
    },
    {
      "camera_to_world": [
        -0.4194561091181206, -0.1287519385989839, 0.8985986372293745,
        3.7367564746912807, 0.891332836566664, -0.24596828152244005,
        0.3808219780198096, 0.9069714308472226, 0.17199519464656565,
        0.9606885774234548, 0.2179337289787628, 0.29972196472868445, 0.0, 0.0,
        0.0, 1.0
      ],
      "fov": 39.33953629190312,
      "aspect": 1.7777777777777777
    },
    {
      "camera_to_world": [
        -0.44730765263124433, -0.1272906222624476, 0.8852756414708157,
        3.6752198587779192, 0.8782673678717021, -0.24955352316344193,
        0.407884137480762, 1.003255797671045, 0.1690038296289102,
        0.959958403557546, 0.2234224004212871, 0.31680459465540073, 0.0, 0.0,
        0.0, 1.0
      ],
      "fov": 39.33953629190312,
      "aspect": 1.7777777777777777
    },
    {
      "camera_to_world": [
        -0.47484688773819683, -0.12697664452235455, 0.8708601293842716,
        3.6112588606702314, 0.8642345511706006, -0.254140091065309,
        0.4341790583115051, 1.0986608018453023, 0.1661898726405949,
        0.9587959876111081, 0.23041523467979014, 0.33474281080669477, 0.0, 0.0,
        0.0, 1.0
      ],
      "fov": 39.33953629190312,
      "aspect": 1.7777777777777777
    },
    {
      "camera_to_world": [
        -0.5018389386584643, -0.1264251722607973, 0.8556718737138513,
        3.5441562498729815, 0.8494411120461213, -0.25859298245678053,
        0.45997768053456134, 1.1914890656434842, 0.1631179843303425,
        0.9576775789601295, 0.23716276677647186, 0.35848521598426447, 0.0, 0.0,
        0.0, 1.0
      ],
      "fov": 39.33953629190312,
      "aspect": 1.7777777777777777
    },
    {
      "camera_to_world": [
        -0.5291099528064006, -0.12465315463147783, 0.8393475137758063,
        3.472989251971558, 0.833360483053588, -0.26267422562302273,
        0.4863255663421716, 1.2821270006343102, 0.1598529421871776,
        0.9567987469858886, 0.24286456028069764, 0.38387166769023956, 0.0, 0.0,
        0.0, 1.0
      ],
      "fov": 39.33953629190312,
      "aspect": 1.7777777777777777
    },
    {
      "camera_to_world": [
        -0.5559244436670898, -0.12214965331501292, 0.8222088999326495,
        3.3993179683158825, 0.8163425078475733, -0.2666148878275438,
        0.5123489157496478, 1.3708865516862154, 0.15662989119120932,
        0.9560313612971744, 0.24793368750878036, 0.4043463650169603, 0.0, 0.0,
        0.0, 1.0
      ],
      "fov": 39.33953629190312,
      "aspect": 1.7777777777777777
    },
    {
      "camera_to_world": [
        -0.5822996485043178, -0.12093836266550567, 0.8039284991760968,
        3.3228098848130516, 0.7984041997638648, -0.27144798166170014,
        0.5374632332087554, 1.4580527242394838, 0.1532248450844956,
        0.9548245418335118, 0.2546217609735201, 0.4246515658232488, 0.0, 0.0,
        0.0, 1.0
      ],
      "fov": 39.33953629190312,
      "aspect": 1.7777777777777777
    },
    {
      "camera_to_world": [
        -0.6084712634159313, -0.11913758339279625, 0.7845820274645231,
        3.2431747852840003, 0.7793575697387629, -0.2760236888800387,
        0.5625057347867146, 1.5425203452262846, 0.14954765156265915,
        0.9537385173098443, 0.2608032601631225, 0.4471076311475889, 0.0, 0.0,
        0.0, 1.0
      ],
      "fov": 39.33953629190312,
      "aspect": 1.7777777777777777
    },
    {
      "camera_to_world": [
        -0.6344546796977357, -0.11611243493966207, 0.7641892186245682,
        3.161077516932789, 0.7591564331358326, -0.27961147629403976,
        0.5877915722032339, 1.6259959332578273, 0.14542616490207458,
        0.9530662751231157, 0.26554831158345604, 0.46662758948176264, 0.0, 0.0,
        0.0, 1.0
      ],
      "fov": 39.33953629190312,
      "aspect": 1.7777777777777777
    },
    {
      "camera_to_world": [
        -0.6594550918297161, -0.11351391966361088, 0.743124196822082,
        3.077000012714348, 0.7383350821151391, -0.28367764948578866,
        0.6118727790155802, 1.707788090166677, 0.14135164794897792,
        0.9521772845562015, 0.27088397958773214, 0.4817460715173284, 0.0, 0.0,
        0.0, 1.0
      ],
      "fov": 39.33953629190312,
      "aspect": 1.7777777777777777
    },
    {
      "camera_to_world": [
        -0.6837314480243296, -0.11117337221661196, 0.7212154936581276,
        2.989597678215867, 0.7167266205980558, -0.2880801294741815,
        0.6350691224805586, 1.7863226721339318, 0.13716507685501084,
        0.951131074201724, 0.2766503594417211, 0.49709887782484685, 0.0, 0.0,
        0.0, 1.0
      ],
      "fov": 39.33953629190312,
      "aspect": 1.7777777777777777
    },
    {
      "camera_to_world": [
        -0.7071971112683288, -0.1083212352758476, 0.6986692749806896,
        2.899253429588992, 0.6944119210268235, -0.29218114702025977,
        0.6575882155739712, 1.8614074403817775, 0.1329072223378583,
        0.9502087598597688, 0.28184922021569475, 0.5113191325689923, 0.0, 0.0,
        0.0, 1.0
      ],
      "fov": 39.33953629190312,
      "aspect": 1.7777777777777777
    },
    {
      "camera_to_world": [
        -0.7303500449394167, -0.10524379501659249, 0.6749167026141041,
        2.806165852202184, 0.6708769810051762, -0.29639652891912716,
        0.6797596442876491, 1.933416451800736, 0.12850248330040215,
        0.9492485666332073, 0.2870788576862312, 0.5252738383604894, 0.0, 0.0,
        0.0, 1.0
      ],
      "fov": 39.33953629190312,
      "aspect": 1.7777777777777777
    },
    {
      "camera_to_world": [
        -0.7533263251495889, -0.1019350893237884, 0.6496989190395547,
        2.7108710038188795, 0.6458981306719241, -0.3005821346314621,
        0.701759207374514, 2.001699591258724, 0.12375400046515077,
        0.9482930021385503, 0.2922761185316491, 0.5394438431130077, 0.0, 0.0,
        0.0, 1.0
      ],
      "fov": 39.33953629190312,
      "aspect": 1.7777777777777777
    },
    {
      "camera_to_world": [
        -0.775368824270478, -0.09801403570125351, 0.6238561013206245,
        2.613332429694841, 0.6201992792054274, -0.3043084422673328,
        0.7230139874427722, 2.0680062222480924, 0.11897915961412908,
        0.9475176097415723, 0.296739513390335, 0.551273436324407, 0.0, 0.0, 0.0,
        1.0
      ],
      "fov": 39.33953629190312,
      "aspect": 1.7777777777777777
    },
    {
      "camera_to_world": [
        -0.7965664053416279, -0.09391635957136286, 0.5972115866976996,
        2.5136390862971965, 0.593687852538217, -0.30795080101965994,
        0.7434386577922311, 2.1320286262203703, 0.11409073419731208,
        0.9467555236470566, 0.30106026442243417, 0.560043274793336, 0.0, 0.0,
        0.0, 1.0
      ],
      "fov": 39.33953629190312,
      "aspect": 1.7777777777777777
    },
    {
      "camera_to_world": [
        -0.8166333015407046, -0.09030371327943715, 0.5700484980970253,
        2.4125394601020083, 0.5667607713544505, -0.3120907229169429,
        0.7624838416142921, 2.1926756851266784, 0.10905172565547738,
        0.9457508234398346, 0.30604427963031317, 0.5704535280510795, 0.0, 0.0,
        0.0, 1.0
      ],
      "fov": 39.33953629190312,
      "aspect": 1.7777777777777777
    },
    {
      "camera_to_world": [
        -0.8355126546418348, -0.08619388257979663, 0.5426686083966635,
        2.309727049509459, 0.5395661325012271, -0.3153805063344271,
        0.7806430201327016, 2.2499334316223707, 0.1038604476738828,
        0.9450427243411065, 0.3100117039386095, 0.5806219860090064, 0.0, 0.0,
        0.0, 1.0
      ],
      "fov": 39.33953629190312,
      "aspect": 1.7777777777777777
    },
    {
      "camera_to_world": [
        -0.8533378661018671, -0.08190290880915034, 0.5148848413046491,
        2.205875904244855, 0.511987843279973, -0.31804381348145194,
        0.7979452243354168, 2.3035976729504464, 0.09840190348888207,
        0.9445316544376771, 0.3133321227627154, 0.5876592919690382, 0.0, 0.0,
        0.0, 1.0
      ],
      "fov": 39.33953629190312,
