{
    "w": 1920,
    "h": 1080,
    "fl_x": 1503.0501063283202,
    "fl_y": 1510.672651926402,
    "cx": 963.4892116715027,
    "cy": 550.2353719709066,
    "k1": 0.006556436801811899,
    "k2": -0.007962514306942541,
    "p1": -0.00036578990190980996,
    "p2": 0.0003029766610688487,
    "camera_model": "OPENCV",
    "frames": [
        {
            "file_path": "images/frame_00972.jpg",
            "transform_matrix": [
                [
                    0.9998665937759376,
                    -0.01315273160724923,
                    -0.009685055610160523,
                    0.4958471945322399
                ],
                [
                    -0.011289278980579269,
                    -0.12795443257138825,
                    -0.9917157936452524,
                    -5.123329763083937
                ],
                [
                    0.011804525869465735,
                    0.9916928298806046,
                    -0.12808584751015775,
                    -0.5887302808321448
                ],
                [
                    0.0,
                    0.0,
                    0.0,
                    1.0
                ]
            ],
            "colmap_im_id": 972
        },
        {
            "file_path": "images/frame_00971.jpg",
            "transform_matrix": [
                [
                    0.9999005818207475,
                    -0.013509894363000215,
                    -0.0040384686245679546,
                    0.523235480701896
                ],
                [
                    -0.005730334535892173,
                    -0.12763942610894313,
                    -0.9918040835612075,
                    -5.123669037302793
                ],
                [
                    0.012883700580105321,
                    0.9917286219812759,
                    -0.12770415264384316,
                    -0.5831430730737376
                ],
                [
                    0.0,
                    0.0,
                    0.0,
                    1.0
                ]
            ],
            "colmap_im_id": 971
        },
        {
            "file_path": "images/frame_00970.jpg",
            "transform_matrix": [
                [
                    0.9998920303902833,
                    -0.014153444433697555,
                    0.003950642056565466,
                    0.560553322342266
                ],
                [
                    0.0021149488853373062,
                    -0.12743899269528886,
                    -0.9918441561717357,
                    -5.121863169695908
                ],
                [
                    0.014541476995452648,
                    0.9917454225513079,
                    -0.12739529934545613,
                    -0.579402171826949
                ],
                [
                    0.0,
                    0.0,
                    0.0,
                    1.0
                ]
            ],
            "colmap_im_id": 970
        },
        {
            "file_path": "images/frame_00969.jpg",
            "transform_matrix": [
                [
                    0.9997822352329983,
                    -0.014830652111535551,
                    0.014681071842901966,
                    0.6093892932847296
                ],
                [
                    0.012680712942249275,
                    -0.12697370820168605,
                    -0.9918250233507869,
                    -5.11852721606779
                ],
                [
                    0.016573522009099777,
                    0.9917952052633948,
                    -0.12675799455953135,
                    -0.5766704616981138
                ],
                [
                    0.0,
                    0.0,
                    0.0,
                    1.0
                ]
            ],
            "colmap_im_id": 969
        },
        {
            "file_path": "images/frame_00968.jpg",
            "transform_matrix": [
                [
                    0.9994801487719829,
                    -0.01590318264096763,
                    0.02804498159427658,
                    0.6694212463878728
                ],
                [
                    0.025812073501019495,
                    -0.12649269288451076,
                    -0.9916316531396135,
                    -5.112732161294306
                ],
                [
                    0.01931758453620052,
                    0.9918400513332345,
                    -0.12601644138355075,
                    -0.5740984079141014
                ],
                [
                    0.0,
                    0.0,
                    0.0,
                    1.0
                ]
            ],
            "colmap_im_id": 968
        },
        {
            "file_path": "images/frame_00967.jpg",
            "transform_matrix": [
                [
                    0.9989125903772809,
                    -0.017006819148318655,
                    0.04340973264380914,
                    0.7369477726800407
                ],
                [
                    0.04093843013422267,
                    -0.1255696659172086,
                    -0.9912397812535502,
                    -5.105546949409709
                ],
                [
                    0.02230878131803653,
                    0.9919390238839768,
                    -0.12473688777665978,
                    -0.5710029254279809
                ],
                [
                    0.0,
                    0.0,
                    0.0,
                    1.0
                ]
            ],
            "colmap_im_id": 967
        },
        {
            "file_path": "images/frame_00966.jpg",
            "transform_matrix": [
                [
                    0.997995402579882,
                    -0.018566057875798174,
                    0.06050188364317038,
                    0.8125743199014402
                ],
                [
                    0.05772468053530716,
                    -0.12484522497555367,
                    -0.9904955987069807,
                    -5.096292692364259
                ],
                [
                    0.025942969886193542,
                    0.9920025056902606,
                    -0.12352324079997318,
                    -0.5667364016422677
                ],
                [
                    0.0,
                    0.0,
                    0.0,
                    1.0
                ]
            ],
            "colmap_im_id": 966
        },
        {
            "file_path": "images/frame_00965.jpg",
            "transform_matrix": [
                [
                    0.9966865099450413,
                    -0.019800452459358433,
                    0.07889197028835176,
                    0.89410279160968
                ],
                [
                    0.0758339419692522,
                    -0.12454633113695864,
                    -0.9893115912824063,
                    -5.083039280867782
                ],
                [
                    0.029414522586259692,
                    0.9920162062601234,
                    -0.12263210174458677,
                    -0.5653092170598973
                ],
                [
                    0.0,
                    0.0,
                    0.0,
                    1.0
                ]
            ],
            "colmap_im_id": 965
        },
        {
            "file_path": "images/frame_00964.jpg",
            "transform_matrix": [
                [
                    0.9948733708769584,
                    -0.02127469671655038,
                    0.09886537917560767,
                    0.9820574094718402
                ],
                [
                    0.09549825197093444,
                    -0.1240071882613828,
                    -0.9876752002201948,
                    -5.066772824163027
                ],
                [
                    0.033272508027105394,
                    0.9920532266663542,
                    -0.12133975305093316,
                    -0.5661623576539626
                ],
                [
                    0.0,
                    0.0,
                    0.0,
                    1.0
                ]
            ],
            "colmap_im_id": 964
        },
        {
            "file_path": "images/frame_00962.jpg",
            "transform_matrix": [
                [
                    0.9892781360810674,
                    -0.02509937605975438,
                    0.1438707433545138,
                    1.1766130862423856
                ],
                [
                    0.1397640653322791,
                    -0.12305798217885111,
                    -0.9825083913452669,
                    -5.019066326880236
                ],
                [
                    0.04236479096801701,
                    0.9920820300476573,
                    -0.11823058040437606,
                    -0.5684964686915569
                ],
                [
                    0.0,
                    0.0,
                    0.0,
                    1.0
                ]
            ],
            "colmap_im_id": 963
        },
        {
            "file_path": "images/frame_00963.jpg",
            "transform_matrix": [
                [
                    0.9924392411167835,
                    -0.02308857721089661,
                    0.12054571868763986,
                    1.0764862285326238
                ],
                [
                    0.11681810366030161,
                    -0.1236264698602594,
                    -0.9854288541579761,
                    -5.045101153206481
                ],
                [
                    0.03765479184319263,
                    0.9920601864565814,
                    -0.1199945961240713,
                    -0.5669358164541642
                ],
                [
                    0.0,
                    0.0,
                    0.0,
                    1.0
                ]
            ],
            "colmap_im_id": 962
        },
        {
            "file_path": "images/frame_00961.jpg",
            "transform_matrix": [
                [
                    0.9852496320268548,
                    -0.027301513087454356,
                    0.1689313173277316,
                    1.2820914357667863
                ],
                [
                    0.16442902798742204,
                    -0.12237422046864789,
                    -0.9787684327356508,
                    -4.9879915687617125
                ],
                [
                    0.04739469744664249,
                    0.9921084504971349,
                    -0.11607999442675254,
                    -0.5687322629228451
                ],
                [
                    0.0,
                    0.0,
                    0.0,
                    1.0
                ]
            ],
            "colmap_im_id": 961
        },
        {
            "file_path": "images/frame_00960.jpg",
            "transform_matrix": [
                [
                    0.9803012895488279,
                    -0.029941964682746174,
                    0.19522515324578985,
                    1.3914955017348756
                ],
                [
                    0.1903045045071096,
                    -0.12132065028391069,
                    -0.974199925774475,
                    -4.95298981640512
                ],
                [
                    0.05285430231502862,
                    0.9921616695708548,
                    -0.11323269916930064,
                    -0.5656519177412195
                ],
                [
                    0.0,
                    0.0,
                    0.0,
                    1.0
                ]
            ],
            "colmap_im_id": 960
        },
        {
            "file_path": "images/frame_00959.jpg",
            "transform_matrix": [
                [
                    0.9746731070344132,
                    -0.03226353609854654,
                    0.22129482294509567,
                    1.500018807432464
                ],
                [
                    0.2160187305706797,
                    -0.1202101847183715,
                    -0.9689610000059894,
                    -4.914341821664357
                ],
                [
                    0.057863999745226276,
                    0.9922240552054724,
                    -0.11019610612490655,
                    -0.5593339315412867
                ],
                [
                    0.0,
                    0.0,
                    0.0,
                    1.0
                ]
            ],
            "colmap_im_id": 959
        },
        {
            "file_path": "images/frame_00958.jpg",
            "transform_matrix": [
                [
                    0.9682858440355465,
                    -0.034385711651064924,
                    0.24746746669940078,
                    1.6069894102066156
                ],
                [
                    0.24184742413103227,
                    -0.11960329282876107,
                    -0.9629147811648249,
                    -4.872203004564652
                ],
                [
                    0.06270843389492205,
                    0.992226120991968,
                    -0.10749407955640508,
                    -0.5510448168998933
                ],
                [
                    0.0,
                    0.0,
                    0.0,
                    1.0
                ]
            ],
            "colmap_im_id": 958
        },
        {
            "file_path": "images/frame_00957.jpg",
            "transform_matrix": [
                [
                    0.9612890563521116,
                    -0.03632821354626455,
                    0.2731366160700608,
                    1.7124882952451528
                ],
                [
                    0.2672126095802478,
                    -0.11897820635234949,
                    -0.9562644026076114,
                    -4.827533377094634
                ],
                [
                    0.06723668209378657,
                    0.9922320531577856,
                    -0.10466509096783101,
                    -0.5433911475976383
                ],
                [
                    0.0,
                    0.0,
                    0.0,
                    1.0
                ]
            ],
            "colmap_im_id": 957
        },
        {
            "file_path": "images/frame_00956.jpg",
            "transform_matrix": [
                [
                    0.953648879224424,
                    -0.038233866465909754,
                    0.2984828078953075,
                    1.8164361696676743
                ],
                [
                    0.2922780302451441,
                    -0.11833962360090836,
                    -0.9489832909603909,
                    -4.779836782072606
                ],
                [
                    0.0716056435626321,
                    0.9922368189807623,
                    -0.10167953023553448,
                    -0.5363090020862944
                ],
                [
                    0.0,
                    0.0,
                    0.0,
                    1.0
                ]
            ],
            "colmap_im_id": 956
        },
        {
            "file_path": "images/frame_00955.jpg",
            "transform_matrix": [
                [
                    0.9453894681499883,
                    -0.039817494470871115,
                    0.323501654779608,
                    1.918393740551394
                ],
                [
                    0.31701140932269545,
                    -0.11842658993450686,
                    -0.9409988890300148,
                    -4.7282676650385165
                ],
                [
                    0.07577941587476755,
                    0.9921641547297232,
                    -0.09933665083509065,
                    -0.530448337236888
                ],
                [
                    0.0,
                    0.0,
                    0.0,
                    1.0
                ]
            ],
            "colmap_im_id": 955
        },
        {
            "file_path": "images/frame_00954.jpg",
            "transform_matrix": [
                [
                    0.936233913869307,
                    -0.04174053682734049,
                    0.34888936083853905,
                    2.01898423448591
                ],
                [
                    0.34208565513645034,
                    -0.11855427503337021,
                    -0.9321600122410194,
                    -4.673550809684436
                ],
                [
                    0.08027118456098935,
                    0.9920698621854599,
                    -0.09671569403410255,
                    -0.5273121027845905
                ],
                [
                    0.0,
                    0.0,
                    0.0,
                    1.0
                ]
            ],
            "colmap_im_id": 954
        },
        {
            "file_path": "images/frame_00953.jpg",
            "transform_matrix": [
                [
                    0.9265166389874235,
                    -0.04398764734503212,
                    0.3736736605120808,
                    2.1181859479488088
                ],
                [
                    0.3665760835332362,
                    -0.11826831876150946,
                    -0.9228404952963214,
                    -4.615313462822783
                ],
                [
                    0.08478733785703217,
                    0.9920069010134835,
                    -0.09345274571002395,
                    -0.5244110622376171
                ],
                [
                    0.0,
                    0.0,
                    0.0,
                    1.0
                ]
            ],
            "colmap_im_id": 953
        },
        {
            "file_path": "images/frame_00952.jpg",
            "transform_matrix": [
                [
                    0.9159647735481209,
                    -0.04660151573556951,
                    0.3985433882905181,
                    2.2160143539016697
                ],
                [
                    0.3911621509980352,
                    -0.11770483854714073,
                    -0.9127637934368242,
                    -4.5537178882556475
                ],
                [
                    0.08944666145547019,
                    0.9919545703880491,
                    -0.0895847366504557,
                    -0.518705695609899
                ],
                [
                    0.0,
                    0.0,
                    0.0,
                    1.0
                ]
            ],
            "colmap_im_id": 952
        },
        {
            "file_path": "images/frame_00951.jpg",
            "transform_matrix": [
                [
                    0.9045950792512183,
                    -0.04896203237314336,
                    0.42345066062101416,
                    2.312630128821407
                ],
                [
                    0.4157808412922912,
                    -0.11768713310658989,
                    -0.9018181805194585,
                    -4.489482472594479
                ],
                [
                    0.09398954520986168,
                    0.9918429603959705,
                    -0.0861017264879184,
                    -0.5108144690212023
                ],
                [
                    0.0,
                    0.0,
                    0.0,
                    1.0
                ]
            ],
            "colmap_im_id": 951
        },
        {
            "file_path": "images/frame_00950.jpg",
            "transform_matrix": [
                [
                    0.8925436992019343,
                    -0.05150080910304086,
                    0.4480105039802733,
                    2.407661773138285
                ],
                [
                    0.44006780312190485,
                    -0.1175677584223229,
                    -0.8902348852044667,
                    -4.423356138953077
                ],
                [
                    0.0985194075823987,
                    0.9917285358611412,
                    -0.08227051408816362,
                    -0.5033105278098657
                ],
                [
                    0.0,
                    0.0,
                    0.0,
                    1.0
                ]
            ],
            "colmap_im_id": 950
        },
        {
            "file_path": "images/frame_00949.jpg",
            "transform_matrix": [
                [
                    0.8797789151628841,
                    -0.05385147173386835,
                    0.4723230667952979,
                    2.500971150907601
                ],
                [
                    0.4641268353812297,
                    -0.11762924541026319,
                    -0.8779234826015403,
                    -4.3545817633207635
                ],
                [
                    0.10283647754480833,
                    0.9915963793884629,
                    -0.07849381676200795,
                    -0.49473207289200977
                ],
                [
                    0.0,
                    0.0,
                    0.0,
                    1.0
                ]
            ],
            "colmap_im_id": 949
        },
        {
            "file_path": "images/frame_00948.jpg",
            "transform_matrix": [
                [
                    0.8664575330414993,
                    -0.056266299062822676,
                    0.49607000214224994,
                    2.592199433092862
                ],
                [
                    0.4876413620622222,
                    -0.11765205925202717,
                    -0.8650802823783802,
                    -4.284045101810891
                ],
                [
                    0.1070385231668463,
                    0.9914595788752714,
                    -0.07450273830356857,
                    -0.48587159097616156
                ],
                [
                    0.0,
                    0.0,
                    0.0,
                    1.0
                ]
            ],
            "colmap_im_id": 948
        },
        {
            "file_path": "images/frame_00947.jpg",
            "transform_matrix": [
                [
                    0.8524048153635968,
                    -0.058825279290416116,
                    0.5195629098207042,
                    2.6810087134090264
                ],
                [
                    0.5109261528364568,
                    -0.11757056591360449,
                    -0.851546609633608,
                    -4.211148029898176
                ],
                [
                    0.11117777247584318,
                    0.9913207092294398,
                    -0.07016234289239719,
                    -0.47442817005323595
                ],
                [
                    0.0,
                    0.0,
                    0.0,
                    1.0
                ]
            ],
            "colmap_im_id": 947
        },
        {
            "file_path": "images/frame_00946.jpg",
            "transform_matrix": [
                [
                    0.8376335215484715,
                    -0.06064957625482925,
                    0.5428551487076599,
                    2.767913518460577
                ],
                [
                    0.5339664280374621,
                    -0.11851237370258741,
                    -0.8371586892628493,
                    -4.135908786801544
                ],
                [
                    0.11510837201185599,
                    0.9910986056793178,
                    -0.06688509933678989,
                    -0.4641079808438383
                ],
                [
                    0.0,
                    0.0,
                    0.0,
                    1.0
                ]
            ],
            "colmap_im_id": 946
        },
        {
            "file_path": "images/frame_00945.jpg",
            "transform_matrix": [
                [
                    0.8222743716313267,
                    -0.062453541026421776,
                    0.5656539692882635,
                    2.8523507941356336
                ],
                [
                    0.5565155422944733,
                    -0.11955612014681666,
                    -0.8221902366971579,
                    -4.05825158387157
                ],
                [
                    0.11897608559284072,
                    0.9908611857110465,
                    -0.06355156731587384,
                    -0.4594059805328942
                ],
                [
                    0.0,
                    0.0,
                    0.0,
                    1.0
                ]
            ],
            "colmap_im_id": 945
        },
        {
            "file_path": "images/frame_00944.jpg",
            "transform_matrix": [
                [
                    0.80603810542937,
                    -0.0656499185751982,
                    0.5882114082427351,
                    2.9352307410056895
                ],
                [
                    0.5789013350773875,
                    -0.11940683959635164,
                    -0.8066072469939936,
                    -3.9782692299884084
                ],
                [
                    0.12319016536010484,
                    0.9906725467321081,
                    -0.058241637252647936,
                    -0.4539356412171105
                ],
                [
                    0.0,
                    0.0,
                    0.0,
                    1.0
                ]
            ],
            "colmap_im_id": 944
        },
        {
            "file_path": "images/frame_00943.jpg",
            "transform_matrix": [
                [
                    0.7889759135161033,
                    -0.06864704675452762,
                    0.6105772603555686,
                    3.0164483154298605
                ],
                [
                    0.6010520506282424,
                    -0.11996379525009017,
                    -0.7901551241780179,
                    -3.8963352145943007
                ],
                [
                    0.1274889811984344,
                    0.990402075321471,
                    -0.053388096724917025,
                    -0.44152188518533136
                ],
                [
                    0.0,
                    0.0,
                    0.0,
                    1.0
                ]
            ],
            "colmap_im_id": 943
        },
        {
            "file_path": "images/frame_00942.jpg",
            "transform_matrix": [
                [
                    0.7712494508012709,
                    -0.07134474708538549,
                    0.6325221037260751,
                    3.097217257725367
                ],
                [
                    0.622797187409432,
                    -0.12074111546615333,
                    -0.7730105085902061,
                    -3.814479475468427
                ],
                [
                    0.1315216635905978,
                    0.9901169173887049,
                    -0.048688211171188135,
                    -0.42448452802487086
                ],
                [
                    0.0,
                    0.0,
                    0.0,
                    1.0
                ]
            ],
            "colmap_im_id": 942
        },
        {
            "file_path": "images/frame_00941.jpg",
            "transform_matrix": [
                [
                    0.7530324548295059,
                    -0.07316552684651453,
                    0.6539028426721512,
                    3.1782946541420354
                ],
                [
                    0.6439501138226797,
                    -0.12220482526389981,
                    -0.7552444846471754,
                    -3.7345617170390035
                ],
                [
                    0.13516794324545253,
                    0.9898044182380132,
                    -0.04490925021977591,
                    -0.4080694202110519
                ],
                [
                    0.0,
                    0.0,
                    0.0,
                    1.0
                ]
            ],
            "colmap_im_id": 941
        },
        {
            "file_path": "images/frame_00939.jpg",
            "transform_matrix": [
                [
                    0.7164682622255988,
                    -0.07650273472718958,
                    0.6934122589071319,
                    3.33858159022576
                ],
                [
                    0.6831004815450814,
                    -0.1247991593859672,
                    -0.7195824497091585,
                    -3.5735702745741347
                ],
                [
                    0.1415872922839757,
                    0.989228235239885,
                    -0.03715558192082063,
                    -0.39320538767320207
                ],
                [
                    0.0,
                    0.0,
                    0.0,
                    1.0
                ]
            ],
            "colmap_im_id": 940
        },
        {
            "file_path": "images/frame_00940.jpg",
            "transform_matrix": [
                [
                    0.7347483806560151,
                    -0.0749267706731186,
                    0.6741889914258918,
                    3.2599419809157304
                ],
                [
                    0.6640422939969239,
                    -0.12353374086622639,
                    -0.737419315349753,
                    -3.6552102449719137
                ],
                [
                    0.13853753609280772,
                    0.9895076522716204,
                    -0.04101167137828055,
                    -0.3979760297503543
                ],
                [
                    0.0,
                    0.0,
                    0.0,
                    1.0
                ]
            ],
            "colmap_im_id": 939
        },
        {
            "file_path": "images/frame_00938.jpg",
            "transform_matrix": [
                [
                    0.6977504155603139,
                    -0.07774890135295655,
                    0.712109167139293,
                    3.412672643406015
                ],
                [
                    0.7016142435233219,
                    -0.12636116580243986,
                    -0.7012633664054078,
                    -3.487250715330875
                ],
                [
                    0.1445054008354218,
                    0.9889327399350558,
                    -0.03361881934181417,
                    -0.39448034456111547
                ],
                [
                    0.0,
                    0.0,
                    0.0,
                    1.0
                ]
            ],
            "colmap_im_id": 938
        },
        {
            "file_path": "images/frame_00937.jpg",
            "transform_matrix": [
                [
                    0.6781279749123299,
                    -0.08017535347026546,
                    0.7305575694886882,
                    3.4839658180100925
                ],
                [
                    0.7199249498338679,
                    -0.12746402131670767,
                    -0.6822470152931971,
                    -3.39814976556518
                ],
                [
                    0.1478192012155541,
                    0.9885974084356542,
                    -0.02871668132468743,
                    -0.39560195509594814
                ],
                [
                    0.0,
                    0.0,
                    0.0,
                    1.0
                ]
            ],
            "colmap_im_id": 937
        },
        {
            "file_path": "images/frame_00936.jpg",
            "transform_matrix": [
                [
                    0.6579163540086245,
                    -0.08213579663602134,
                    0.7485985453091426,
                    3.552331851089143
                ],
                [
                    0.7377930091573006,
                    -0.12904152110636283,
                    -0.6625781172580115,
                    -3.3063513855257645
                ],
                [
                    0.1510216764792842,
                    0.9882317525467,
                    -0.024299310522402872,
                    -0.392558746156829
                ],
                [
                    0.0,
                    0.0,
                    0.0,
                    1.0
                ]
            ],
            "colmap_im_id": 936
        },
        {
            "file_path": "images/frame_00935.jpg",
            "transform_matrix": [
                [
                    0.6368736639173077,
                    -0.08485614942333754,
                    0.7662841314509837,
                    3.6171571293471296
                ],
                [
                    0.7553738415826183,
                    -0.13021687021815542,
                    -0.6422257594984071,
                    -3.21242087990864
                ],
                [
                    0.15427992630689796,
                    0.9878476606317557,
                    -0.018833579667866068,
                    -0.3880628946856861
                ],
                [
                    0.0,
                    0.0,
                    0.0,
                    1.0
                ]
            ],
            "colmap_im_id": 935
        },
        {
            "file_path": "images/frame_00934.jpg",
            "transform_matrix": [
                [
                    0.6153396061912226,
                    -0.08762077048988554,
                    0.7833771566947746,
                    3.6768153972486277
                ],
                [
                    0.772407195632318,
                    -0.1312968011756402,
                    -0.6214082990566364,
                    -3.117254422194647
                ],
                [
                    0.15730318874024388,
                    0.9874632907504984,
                    -0.01311320831635016,
                    -0.37784037106125645
                ],
                [
                    0.0,
                    0.0,
                    0.0,
                    1.0
                ]
            ],
            "colmap_im_id": 934
        },
        {
            "file_path": "images/frame_00933.jpg",
            "transform_matrix": [
                [
                    0.5929351550738545,
                    -0.09022575093094391,
                    0.8001794897062102,
                    3.7336481438088085
                ],
                [
                    0.789087875283895,
                    -0.13298942319342047,
                    -0.5997117127409044,
                    -3.0197892917468008
                ],
                [
                    0.16052484841136508,
                    0.9870020907716602,
                    -0.0076580581663807335,
                    -0.36339031338078287
                ],
                [
                    0.0,
                    0.0,
                    0.0,
                    1.0
                ]
            ],
            "colmap_im_id": 933
        },
        {
            "file_path": "images/frame_00932.jpg",
            "transform_matrix": [
                [
                    0.5700582405216528,
                    -0.09343902458140825,
                    0.8162736986444147,
                    3.787299900778185
                ],
                [
                    0.8051204165531829,
                    -0.13448391089712236,
                    -0.5776635634684296,
                    -2.921070435264455
                ],
                [
                    0.16375199926287046,
                    0.9865004948782793,
                    -0.0014339952311778086,
                    -0.34301611516752
                ],
                [
                    0.0,
                    0.0,
                    0.0,
                    1.0
                ]
            ],
            "colmap_im_id": 932
        },
        {
            "file_path": "images/frame_00930.jpg",
            "transform_matrix": [
                [
                    0.5218870758097944,
                    -0.0984823143114959,
                    0.8473105179746996,
                    3.8851991295761494
                ],
                [
                    0.8360520861540744,
                    -0.13805035309417601,
                    -0.5309981254656115,
                    -2.7192898358885293
                ],
                [
                    0.16926544047773595,
                    0.9855167851327674,
                    0.010289649238578254,
                    -0.28905247466962963
                ],
                [
                    0.0,
                    0.0,
                    0.0,
                    1.0
                ]
            ],
            "colmap_im_id": 931
        },
        {
            "file_path": "images/frame_00931.jpg",
            "transform_matrix": [
                [
                    0.5462801138245055,
                    -0.09624582566735672,
                    0.8320545524672607,
                    3.837827156302938
                ],
                [
                    0.8208838272857479,
                    -0.13596654391836532,
                    -0.5546736347038658,
                    -2.821006327122687
                ],
                [
                    0.16651660379850303,
                    0.9860273018413356,
                    0.004730822646047465,
                    -0.31669820130576715
                ],
                [
                    0.0,
                    0.0,
                    0.0,
                    1.0
                ]
            ],
            "colmap_im_id": 930
        },
        {
            "file_path": "images/frame_00929.jpg",
            "transform_matrix": [
                [
                    0.4972334765812742,
                    -0.10118649436981322,
                    0.8616960967325124,
                    3.929762086402929
                ],
                [
                    0.8504609862510194,
                    -0.13968467938638157,
                    -0.5071531338852866,
                    -2.617200263758415
                ],
                [
                    0.1716827907270941,
                    0.9850124281966557,
                    0.016599267040603386,
                    -0.2605422570330562
                ],
                [
                    0.0,
                    0.0,
                    0.0,
                    1.0
                ]
            ],
            "colmap_im_id": 929
        },
        {
            "file_path": "images/frame_00928.jpg",
            "transform_matrix": [
                [
                    0.47216224917114424,
                    -0.10380292121810121,
                    0.8753786403632631,
                    3.971079918778833
                ],
                [
                    0.8641708462307727,
                    -0.14149451464518611,
                    -0.48289548646691016,
                    -2.51479009814159
                ],
                [
                    0.17398723798726415,
                    0.9844817194198742,
                    0.02289508999002225,
                    -0.2288317443625824
                ],
