{
    "camera_type": "perspective",
    "render_height": 1080.0,
    "render_width": 1920.0,
    "fps": 30.0,
    "seconds": 6.0,
    "is_cycle": false,
    "smoothness_value": 0.0,
    "default_fov": 39.33953629190312,
    "default_transition_sec": 2.0,
    "camera_path": [
        {
            "camera_to_world": [
                0.9980474967053327,
                -0.061771948316844995,
                -0.009240065166075246,
                0.11760983516889527,
                -0.0023753372271484658,
                0.11029228731663976,
                -0.9938963814259267,
                -1.9572954888742473,
                0.06241402287168478,
                0.9919777438193494,
                0.10993021709822993,
                0.18900872914500283,
                0.0,
                0.0,
                0.0,
                1.0
            ],
            "fov": 39.33953629190312,
            "aspect": 1.7777777777777777,
            "frame_num": 972
        },
        {
            "camera_to_world": [
                0.9980615704871325,
                -0.06212858971502994,
                -0.0036191075824978476,
                0.12480877170631405,
                0.00328119236281435,
                0.11060473903589095,
                -0.9938590812381356,
                -1.9569894330925617,
                0.06214735255786429,
                0.9919206805559796,
                0.11059420043849022,
                0.1908227490587432,
                0.0,
                0.0,
                0.0,
                1.0
            ],
            "fov": 39.33953629190312,
            "aspect": 1.7777777777777777,
            "frame_num": 971
        },
        {
            "camera_to_world": [
                0.9980184736709332,
                -0.06277102681694902,
                0.004345398347688762,
                0.13467086371414458,
                0.011295757262215636,
                0.11079971868586393,
                -0.9937785850414751,
                -1.9562302333920405,
                0.06189903227241388,
                0.9918584712552383,
                0.1112892174389687,
                0.19215307737844886,
                0.0,
                0.0,
                0.0,
                1.0
            ],
            "fov": 39.33953629190312,
            "aspect": 1.7777777777777777,
            "frame_num": 970
        },
        {
            "camera_to_world": [
                0.9978719576564222,
                -0.06344713830932314,
                0.015032459752494388,
                0.14760615989582623,
                0.022041463236727163,
                0.11125963166736454,
                -0.9935469370591689,
                -1.9551216193855727,
                0.061365202918534936,
                0.9917639645944349,
                0.11242133924621828,
                0.1932747114310936,
                0.0,
                0.0,
                0.0,
                1.0
            ],
            "fov": 39.33953629190312,
            "aspect": 1.7777777777777777,
            "frame_num": 969
        },
        {
            "camera_to_world": [
                0.9975138730895912,
                -0.06451777506178655,
                0.02834585997625097,
                0.1635196622534275,
                0.035447229284245485,
                0.11173136710930577,
                -0.9931060584952575,
                -1.9533707368759634,
                0.06090587046174957,
                0.9916418530734943,
                0.11374057012113682,
                0.19434419974297995,
                0.0,
                0.0,
                0.0,
                1.0
            ],
            "fov": 39.33953629190312,
            "aspect": 1.7777777777777777,
            "frame_num": 968
        },
        {
            "camera_to_world": [
                0.9968902673020276,
                -0.06561953115597445,
                0.04363290240489567,
                0.18141828575193703,
                0.05084823299450762,
                0.11264517969990241,
                -0.9923333958764781,
                -1.9512163742301505,
                0.060201414833074576,
                0.9914661603294922,
                0.11563152549718976,
                0.19555745632342544,
                0.0,
                0.0,
                0.0,
                1.0
            ],
            "fov": 39.33953629190312,
            "aspect": 1.7777777777777777,
            "frame_num": 967
        },
        {
            "camera_to_world": [
                0.9958960212907908,
                -0.0671757880500968,
                0.06065052646048827,
                0.20145550128249093,
                0.06801208899374095,
                0.1133550090644371,
                -0.9912240138085532,
                -1.9484415425164825,
                0.05971121197740924,
                0.9912810206346325,
                0.11745857316078577,
                0.19704658841522293,
                0.0,
                0.0,
                0.0,
                1.0
            ],
            "fov": 39.33953629190312,
            "aspect": 1.7777777777777777,
            "frame_num": 966
        },
        {
            "camera_to_world": [
                0.9945260622324704,
                -0.06840764948046317,
                0.07898267604891701,
                0.22310220198996475,
                0.08642059219021282,
                0.11364148993210307,
                -0.9897561017197795,
                -1.9448034508746654,
                0.0587311780936329,
                0.9911639681222452,
                0.11893125800695464,
                0.1976275739920507,
                0.0,
                0.0,
                0.0,
                1.0
            ],
            "fov": 39.33953629190312,
            "aspect": 1.7777777777777777,
            "frame_num": 965
        },
        {
            "camera_to_world": [
                0.992642811018219,
                -0.06987880936977083,
                0.09887952173137113,
                0.24648886480794263,
                0.10642847041690981,
                0.11416551877222528,
                -0.9877445332109996,
                -1.940520785629586,
                0.057733778550168105,
                0.9910011063380331,
                0.12076268118227847,
                0.19751335711795243,
                0.0,
                0.0,
                0.0,
                1.0
            ],
            "fov": 39.33953629190312,
            "aspect": 1.7777777777777777,
            "frame_num": 964
        },
        {
            "camera_to_world": [
                0.9868718523102047,
                -0.07369484685043245,
                0.14371142873282763,
                0.2982439935927364,
                0.15155537784228737,
                0.11507237791186753,
                -0.9817277439131584,
                -1.9280476993918512,
                0.055811058180357434,
                0.9906197170510004,
                0.12473054593724353,
                0.19640789223496957,
                0.0,
                0.0,
                0.0,
                1.0
            ],
            "fov": 39.33953629190312,
            "aspect": 1.7777777777777777,
            "frame_num": 962
        },
        {
            "camera_to_world": [
                0.990123586410663,
                -0.07168867063708573,
                0.12048226516167237,
                0.27160164149580834,
                0.1281653095363731,
                0.11452654211846143,
                -0.9851179485025456,
                -1.9348272580707044,
                0.056823377328885497,
                0.9908301630870228,
                0.12258343616125811,
                0.19716279949760343,
                0.0,
                0.0,
                0.0,
                1.0
            ],
            "fov": 39.33953629190312,
            "aspect": 1.7777777777777777,
            "frame_num": 963
        },
        {
            "camera_to_world": [
                0.9827482670611759,
                -0.0758916871704294,
                0.16866017161616573,
                0.32629785020550117,
                0.17668626384445568,
                0.11573018462842163,
                -0.9774397865928053,
                -1.9198750174866273,
                0.05466047987046082,
                0.9903771920809747,
                0.12714266184626097,
                0.19574637820652124,
                0.0,
                0.0,
                0.0,
                1.0
            ],
            "fov": 39.33953629190312,
            "aspect": 1.7777777777777777,
            "frame_num": 961
        },
        {
            "camera_to_world": [
                0.9776922017380478,
                -0.07852547244600541,
                0.19481187571771177,
                0.35535741247227265,
                0.2030896111836496,
                0.11675108841995303,
                -0.9721747996435931,
                -1.910473565230952,
                0.05359598494636285,
                0.9900519884966377,
                0.13009434110175874,
                0.19574357321687286,
                0.0,
                0.0,
                0.0,
                1.0
            ],
            "fov": 39.33953629190312,
            "aspect": 1.7777777777777777,
            "frame_num": 960
        },
        {
            "camera_to_world": [
                0.9719778935396859,
                -0.08084086767604527,
                0.2207344256486804,
                0.3841472076397149,
                0.22922587646515327,
                0.1178312893434342,
                -0.9662149515974569,
                -1.8999281932583132,
                0.052100230977610316,
                0.9897376156077211,
                0.13306023184422933,
                0.196335191805026,
                0.0,
                0.0,
                0.0,
                1.0
            ],
            "fov": 39.33953629190312,
            "aspect": 1.7777777777777777,
            "frame_num": 959
        },
        {
            "camera_to_world": [
                0.9655140485066308,
                -0.08295711085736394,
                0.2467806677546837,
                0.4125048629440396,
                0.25542984297531496,
                0.11840911131417356,
                -0.959549334612569,
                -1.8883597401597831,
                0.050380358746216394,
                0.98949351007877,
                0.13551538687475936,
                0.19719571294085872,
                0.0,
                0.0,
                0.0,
                1.0
            ],
            "fov": 39.33953629190312,
            "aspect": 1.7777777777777777,
            "frame_num": 958
        },
        {
            "camera_to_world": [
                0.9584539816220422,
                -0.08489397424754273,
                0.2723213842727467,
                0.4404838578958121,
                0.28110511410956296,
                0.11900656787367035,
                -0.9522696044211476,
                -1.8761799580556713,
                0.04843391563108813,
                0.989257527795607,
                0.13792645370480028,
                0.19771424870295073,
                0.0,
                0.0,
                0.0,
                1.0
            ],
            "fov": 39.33953629190312,
            "aspect": 1.7777777777777777,
            "frame_num": 957
        },
        {
            "camera_to_world": [
                0.9507572407086833,
                -0.08679389767062667,
                0.29753562248924903,
                0.4680630858271111,
                0.30644771324929926,
                0.11961707482260804,
                -0.9443418884785254,
                -1.8632568183532239,
                0.04637276995433615,
                0.9890189993562735,
                0.14032459597054137,
                0.19787505925104543,
                0.0,
                0.0,
                0.0,
                1.0
            ],
            "fov": 39.33953629190312,
            "aspect": 1.7777777777777777,
            "frame_num": 956
        },
        {
            "camera_to_world": [
                0.9424494993216721,
                -0.08837264634914528,
                0.3224580200405814,
                0.4951355678041597,
                0.33141792471387543,
                0.11950619869123376,
                -0.9358848623269579,
                -1.8494135218331262,
                0.044170887168900455,
                0.9888925877928046,
                0.14191684061583507,
                0.1974516749799282,
                0.0,
                0.0,
                0.0,
                1.0
            ],
            "fov": 39.33953629190312,
            "aspect": 1.7777777777777777,
            "frame_num": 955
        },
        {
            "camera_to_world": [
                0.9332332953512541,
                -0.09028959928590886,
                0.3477403669284631,
                0.5218849363181046,
                0.3567893711450093,
                0.1193486740593228,
                -0.9265297008289913,
                -1.8349308179314878,
                0.04215364100523533,
                0.9887384328470563,
                0.14359453010601325,
                0.19611003011041683,
                0.0,
                0.0,
                0.0,
                1.0
            ],
            "fov": 39.33953629190312,
            "aspect": 1.7777777777777777,
            "frame_num": 954
        },
        {
            "camera_to_world": [
                0.9234514717540184,
                -0.0925293506647601,
                0.37239180531237387,
                0.5482740510659134,
                0.3815961064379077,
                0.11959856888856615,
                -0.9165591316174128,
                -1.8195559004566337,
                0.040271091498598664,
                0.9885011420826004,
                0.145752318698964,
                0.19446844847378608,
                0.0,
                0.0,
                0.0,
                1.0
            ],
            "fov": 39.33953629190312,
            "aspect": 1.7777777777777777,
            "frame_num": 953
        },
        {
            "camera_to_world": [
                0.9128296859899375,
                -0.09513432946319887,
                0.3971037418811517,
                0.5742677530022123,
                0.40652480316103995,
                0.12011848808777538,
                -0.9057092144360762,
                -1.8031394573359218,
                0.038464534785571255,
                0.9881907783787959,
                0.14832219053822396,
                0.1933213195304323,
                0.0,
                0.0,
                0.0,
                1.0
            ],
            "fov": 39.33953629190312,
            "aspect": 1.7777777777777777,
            "frame_num": 952
        },
        {
            "camera_to_world": [
                0.9013968519668604,
                -0.09748655921704973,
                0.4218768115447541,
                0.5999155307041396,
                0.43145289611429843,
                0.12009558590228782,
                -0.8941059761356037,
                -1.785905663286279,
                0.03649776928379257,
                0.9879642844243617,
                0.1503146455086255,
                0.19255637266969694,
                0.0,
                0.0,
                0.0,
                1.0
            ],
            "fov": 39.33953629190312,
            "aspect": 1.7777777777777777,
            "frame_num": 951
        },
        {
            "camera_to_world": [
                0.889281843830256,
                -0.10001611242408748,
                0.4462897462101782,
                0.6251506320929764,
                0.4560516537623817,
                0.12016976320737584,
                -0.8818027925740024,
                -1.7682103526940285,
                0.03456395095800949,
                0.9877023901597682,
                0.15247730612150612,
                0.1915522559461187,
                0.0,
                0.0,
                0.0,
                1.0
            ],
            "fov": 39.33953629190312,
            "aspect": 1.7777777777777777,
            "frame_num": 950
        },
        {
            "camera_to_world": [
                0.876463230651465,
                -0.10235796690564451,
                0.4704625489981676,
                0.6499187870649596,
                0.48037446453491767,
                0.120065114254891,
                -0.8688065319976485,
                -1.7497662649920684,
                0.032443127285525356,
                0.9874751749757745,
                0.15440281543325807,
                0.19063661372319832,
                0.0,
                0.0,
                0.0,
                1.0
            ],
            "fov": 39.33953629190312,
            "aspect": 1.7777777777777777,
            "frame_num": 949
        },
        {
            "camera_to_world": [
                0.8630910749086338,
                -0.10476346154100216,
                0.4940631251388014,
                0.6741335390419618,
                0.504137796946489,
                0.11999656805333553,
                -0.855246136048209,
                -1.73085254438931,
                0.030312662890983746,
                0.9872312024071925,
                0.15638319147953295,
                0.1896561494821527,
                0.0,
                0.0,
                0.0,
                1.0
            ],
            "fov": 39.33953629190312,
            "aspect": 1.7777777777777777,
            "frame_num": 948
        },
        {
            "camera_to_world": [
                0.8489901494236178,
                -0.10731223350608508,
                0.5173971093894051,
                0.6976765655047716,
                0.5276588203692361,
                0.1200280385352162,
                -0.8409336996053641,
                -1.7111705171915181,
                0.028140309874029015,
                0.9869535757623418,
                0.1585268726914758,
                0.18916237722947626,
                0.0,
                0.0,
                0.0,
                1.0
            ],
            "fov": 39.33953629190312,
            "aspect": 1.7777777777777777,
            "frame_num": 947
        },
        {
            "camera_to_world": [
                0.8341801566040815,
                -0.10912910759227495,
                0.5405869608925253,
                0.7207320116047788,
                0.550888732698536,
                0.11904985689480448,
                -0.8260440567180163,
                -1.6909572260348928,
                0.025788646828071523,
                0.9868728264771783,
                0.15942702773036985,
                0.18820711545558372,
                0.0,
                0.0,
                0.0,
                1.0
            ],
            "fov": 39.33953629190312,
            "aspect": 1.7777777777777777,
            "frame_num": 946
        },
        {
            "camera_to_world": [
                0.8187831916535024,
                -0.11092552513699733,
                0.5632846270063637,
                0.7432082111585483,
                0.573623152448366,
                0.11796912725442554,
                -0.8105799231846653,
                -1.6704767089387451,
                0.023463804121400436,
                0.9868023201544923,
                0.1602205915264372,
                0.18561898388701853,
                0.0,
                0.0,
                0.0,
                1.0
            ],
            "fov": 39.33953629190312,
            "aspect": 1.7777777777777777,
            "frame_num": 945
        },
        {
            "camera_to_world": [
                0.802492474001945,
                -0.11410814320854215,
                0.5856493139299743,
                0.765264685193999,
                0.5962757735482842,
                0.11805098314629937,
                -0.7940524007504903,
                -1.649349804412113,
                0.021471363993869737,
                0.9864295733496486,
                0.1627749503599709,
                0.18306278282947042,
                0.0,
                0.0,
                0.0,
                1.0
            ],
            "fov": 39.33953629190312,
            "aspect": 1.7777777777777777,
            "frame_num": 944
        },
        {
            "camera_to_world": [
                0.7853713525382106,
                -0.11709189212611303,
                0.6078497227880767,
                0.7867937041574915,
                0.618715261347827,
                0.1174284659526554,
                -0.7767895652229926,
                -1.6272847011397509,
                0.019576895625248936,
                0.9861541716703229,
                0.16467149713935283,
                0.18215339641372777,
                0.0,
                0.0,
                0.0,
                1.0
            ],
            "fov": 39.33953629190312,
            "aspect": 1.7777777777777777,
            "frame_num": 943
        },
        {
            "camera_to_world": [
                0.7675972466888935,
                -0.11977713653200389,
                0.6296410584791436,
                0.8081441465946012,
                0.6406938640842375,
                0.11659010874987644,
                -0.7588927242677518,
                -1.6049496700244519,
                0.017488073999244732,
                0.9859311285285621,
                0.1662347261597617,
                0.1824357414262923,
                0.0,
                0.0,
                0.0,
                1.0
            ],
            "fov": 39.33953629190312,
            "aspect": 1.7777777777777777,
            "frame_num": 942
        },
        {
            "camera_to_world": [
                0.7493484140935815,
                -0.12158915920717608,
                0.6509170367578646,
                0.8295814786605722,
                0.662002800504447,
                0.11508348712691842,
                -0.7406133478374581,
                -1.5831537776762334,
                0.015140747784117484,
                0.9858863390029432,
                0.1667299956190535,
                0.1826834519208622,
                0.0,
                0.0,
                0.0,
                1.0
            ],
            "fov": 39.33953629190312,
            "aspect": 1.7777777777777777,
            "frame_num": 941
        },
        {
            "camera_to_world": [
                0.7127445703148994,
                -0.12490963866211609,
                0.6902120817102826,
                0.8721926593649129,
                0.7013474738287871,
                0.11240717968909072,
                -0.7039008415880413,
                -1.540396470413472,
                0.010339202064940553,
                0.9857800029268902,
                0.16772266944375416,
                0.17844816422834975,
                0.0,
                0.0,
                0.0,
                1.0
            ],
            "fov": 39.33953629190312,
            "aspect": 1.7777777777777777,
            "frame_num": 939
        },
        {
            "camera_to_world": [
                0.7310397923318482,
                -0.12334169439146749,
                0.6710943350490773,
                0.8512503942113833,
                0.6822152725146113,
                0.11371189708239175,
                -0.7222547848853392,
                -1.5619008961292158,
                0.012772714849735895,
                0.9858277927450143,
                0.16727351231464777,
                0.18134353680949789,
                0.0,
                0.0,
                0.0,
                1.0
            ],
            "fov": 39.33953629190312,
            "aspect": 1.7777777777777777,
            "frame_num": 940
        },
        {
            "camera_to_world": [
                0.694015338142839,
                -0.12614911969285483,
                0.7088223106718016,
                0.8920121697645929,
                0.7199170300557811,
                0.110812412226498,
                -0.6851570090221936,
                -1.5180708579911115,
                0.007885639159182091,
                0.985802726174141,
                0.16772241614614603,
                0.17364070574361798,
                0.0,
                0.0,
                0.0,
                1.0
            ],
            "fov": 39.33953629190312,
            "aspect": 1.7777777777777777,
            "frame_num": 938
        },
        {
            "camera_to_world": [
                0.6743622955049733,
                -0.1285629020812251,
                0.7271224330830599,
                0.9110912049947251,
                0.738377696435771,
                0.10964747199594659,
                -0.665414049424215,
                -1.4950216334758448,
                0.005820420291878375,
                0.9856211331463154,
                0.16887010309174624,
                0.16866192988228354,
                0.0,
                0.0,
                0.0,
                1.0
            ],
            "fov": 39.33953629190312,
            "aspect": 1.7777777777777777,
            "frame_num": 937
        },
        {
            "camera_to_world": [
                0.6541235788552453,
                -0.13051251571561615,
                0.7450428074346467,
                0.9293438250639491,
                0.7563785343798118,
                0.10801690487532273,
                -0.6451541744967888,
                -1.4710183486095163,
                0.003723471839783069,
                0.9855449444316519,
                0.169373272324439,
                0.16455013885735434,
                0.0,
                0.0,
                0.0,
                1.0
            ],
            "fov": 39.33953629190312,
            "aspect": 1.7777777777777777,
            "frame_num": 936
        },
        {
            "camera_to_world": [
                0.6330504171840405,
                -0.1332179165443061,
                0.7625615477439313,
                0.9466410680887796,
                0.774108687963822,
                0.10676828756116405,
                -0.6239842304659765,
                -1.4463785379063672,
                0.001708484018403344,
                0.9853189967960745,
                0.17071485802458491,
                0.1606334624086143,
                0.0,
                0.0,
                0.0,
                1.0
            ],
            "fov": 39.33953629190312,
            "aspect": 1.7777777777777777,
            "frame_num": 935
        },
        {
            "camera_to_world": [
                0.6114946424124075,
                -0.13596696637663847,
                0.7794788287299206,
                0.9624949424756082,
                0.7912484637319702,
                0.10561205379752671,
                -0.6023055790995919,
                -1.4210672955942476,
                -0.0004287021454118768,
                0.9850680606346632,
                0.17216486066312198,
                0.15804979777300718,
                0.0,
                0.0,
                0.0,
                1.0
            ],
            "fov": 39.33953629190312,
            "aspect": 1.7777777777777777,
            "frame_num": 934
        },
        {
            "camera_to_world": [
                0.5890578775588722,
                -0.13855640790855056,
                0.7961236692852619,
                0.9775479605346521,
                0.8080874917061754,
                0.1038432873454858,
                -0.5798372403539929,
                -1.3949008684732769,
                -0.0023319383932852884,
                0.984895273320529,
                0.17313540876847983,
                0.15637568106905875,
                0.0,
                0.0,
                0.0,
                1.0
            ],
            "fov": 39.33953629190312,
            "aspect": 1.7777777777777777,
            "frame_num": 933
        },
        {
            "camera_to_world": [
                0.5661451839482949,
                -0.14175032251411107,
                0.8120261294085371,
                0.9916823613191488,
                0.8242953623075099,
                0.10225393562262834,
                -0.5568494735635876,
                -1.3680429366802016,
                -0.0040992797862354395,
                0.9846070203845083,
                0.1747347087157915,
                0.156109884732678,
                0.0,
                0.0,
                0.0,
                1.0
            ],
            "fov": 39.33953629190312,
            "aspect": 1.7777777777777777,
            "frame_num": 932
        },
        {
            "camera_to_world": [
                0.5179441861113788,
                -0.14676082182951838,
                0.8427307039216378,
                1.0172915244105798,
                0.8553732275615806,
                0.09852681237131708,
                -0.5085559523738381,
                -1.3123887778533911,
                -0.008395485232857694,
                0.9842528812449045,
                0.1765666692896107,
                0.158593008840947,
                0.0,
                0.0,
                0.0,
                1.0
            ],
            "fov": 39.33953629190312,
            "aspect": 1.7777777777777777,
            "frame_num": 930
        },
        {
            "camera_to_world": [
                0.5423531220346977,
                -0.14453954861352103,
                0.8276239290817591,
                1.0049130314162384,
                0.8401270619917294,
                0.10068518088722207,
                -0.5329625333350198,
                -1.3404685457893575,
                -0.006295305761807758,
                0.9843631540641576,
                0.17603851044997804,
                0.15725242573817014,
                0.0,
                0.0,
                0.0,
                1.0
            ],
            "fov": 39.33953629190312,
            "aspect": 1.7777777777777777,
            "frame_num": 931
        },
        {
            "camera_to_world": [
                0.4932866016458103,
                -0.14944692321247355,
                0.8569328467633658,
                1.0289137437890616,
                0.8698016592032993,
                0.09680389614581013,
                -0.4838120784128988,
                -1.2841626161366682,
                -0.010650216623544052,
                0.9840196281691092,
                0.17774124838938699,
                0.160097044896502,
                0.0,
                0.0,
                0.0,
                1.0
            ],
            "fov": 39.33953629190312,
            "aspect": 1.7777777777777777,
            "frame_num": 929
        },
        {
            "camera_to_world": [
                0.4682132812286666,
                -0.15204512062791598,
                0.8704358463765388,
                1.0396338450007812,
                0.8835217783405527,
                0.09490473219034656,
                -0.4586746198405315,
                -1.2556573607543038,
                -0.01286924788468256,
                0.9838065759388331,
                0.17877083294992377,
                0.1623647118743344,
                0.0,
                0.0,
                0.0,
                1.0
            ],
            "fov": 39.33953629190312,
            "aspect": 1.7777777777777777,
            "frame_num": 928
        },
        {
            "camera_to_world": [
                0.44266854762859,
                -0.15363985456498258,
                0.8834247619987557,
                1.0497681185585666,
                0.8965558249265205,
                0.09258067427822059,
                -0.433147226033534,
                -1.226878983915917,
                -0.01523938826582805,
                0.9837802699701653,
                0.17872926055330188,
                0.16370847295574142,
                0.0,
                0.0,
                0.0,
                1.0
            ],
            "fov": 39.33953629190312,
            "aspect": 1.7777777777777777,
            "frame_num": 927
        },
        {
            "camera_to_world": [
                0.41675363261698783,
                -0.15543508114877894,
                0.8956317900408232,
                1.0595445872652203,
                0.9088555185683176,
                0.08996218876210967,
                -0.40729411834824436,
                -1.1979976670519634,
                -0.017265206795667138,
                0.9837411986221081,
                0.17876010148536742,
                0.1640310813014144,
                0.0,
                0.0,
                0.0,
                1.0
            ],
            "fov": 39.33953629190312,
            "aspect": 1.7777777777777777,
            "frame_num": 926
        },
        {
            "camera_to_world": [
                0.39079963130533346,
                -0.15768416375468872,
                0.9068689600794113,
                1.069069363082653,
                0.9202706753414472,
                0.08772962082507749,
                -0.38132065983436353,
                -1.1689551624030383,
                -0.01943104564521996,
                0.9835848838973119,
                0.17939681644071237,
                0.16364224593990842,
                0.0,
                0.0,
                0.0,
                1.0
            ],
            "fov": 39.33953629190312,
            "aspect": 1.7777777777777777,
            "frame_num": 925
        },
        {
            "camera_to_world": [
                0.36425065627134745,
                -0.1594206682132639,
                0.9175546131077117,
                1.077947007628159,
                0.9310490096773284,
                0.08525224301552192,
                -0.3547954967579462,
                -1.1396457440673953,
                -0.0216618587207454,
                0.9835228066955641,
                0.1794816416842151,
                0.162759064366446,
                0.0,
                0.0,
                0.0,
                1.0
            ],
            "fov": 39.33953629190312,
            "aspect": 1.7777777777777777,
            "frame_num": 924
        },
        {
            "camera_to_world": [
                0.3374049038283891,
                -0.16170200218649977,
                0.9273674306575286,
                1.0859837747539587,
                0.9410551811571117,
                0.08299204725127263,
                -0.3279138819727334,
                -1.1099972717909818,
                -0.023939795425324463,
                0.9833436775816914,
                0.18017243149362747,
                0.16129441373636294,
                0.0,
                0.0,
                0.0,
                1.0
            ],
            "fov": 39.33953629190312,
            "aspect": 1.7777777777777777,
            "frame_num": 923
        },
        {
            "camera_to_world": [
                0.281922667677139,
                -0.16568747688711288,
                0.9450223423472592,
                1.0991205560231956,
                0.9590245594223656,
                0.07754824238148017,
                -0.2725036007254035,
                -1.0496109213763367,
                -0.028134392710546498,
                0.9831245779271809,
                0.18076096740593411,
                0.15787677023595917,
                0.0,
                0.0,
                0.0,
                1.0
            ],
            "fov": 39.33953629190312,
            "aspect": 1.7777777777777777,
            "frame_num": 921
        },
        {
            "camera_to_world": [
                0.3101475005113802,
                -0.16422769018710093,
                0.9363961510948584,
                1.0930270645031273,
                0.9503329020009892,
                0.08049301771201639,
                -0.30064646572680664,
                -1.0799955940841788,
                -0.025998882427131217,
                0.9831328219042661,
                0.18103568632264902,
                0.15984563236229477,
                0.0,
                0.0,
                0.0,
                1.0
            ],
            "fov": 39.33953629190312,
            "aspect": 1.7777777777777777,
            "frame_num": 922
        },
        {
            "camera_to_world": [
                0.25358519803829255,
                -0.16741129637956684,
                0.952716097934377,
                1.1042790739625639,
                0.9668402973734342,
                0.07465574067776082,
                -0.24422614036735285,
                -1.019087773360902,
                -0.030239516287175264,
                0.9830564499718546,
                0.18079157872719087,
                0.1548509982046935,
                0.0,
                0.0,
                0.0,
                1.0
            ],
            "fov": 39.33953629190312,
            "aspect": 1.7777777777777777,
            "frame_num": 920
        },
        {
            "camera_to_world": [
                0.22464635513215683,
                -0.16856295965875348,
                0.9597502288824068,
                1.1087152216092178,
                0.9738977929048945,
                0.07170229119004215,
                -0.21536461708717086,
                -0.9884252405939224,
                -0.03251379823548495,
                0.9830795062788946,
                0.18027075296332737,
                0.15077928859015738,
                0.0,
                0.0,
                0.0,
                1.0
            ],
            "fov": 39.33953629190312,
            "aspect": 1.7777777777777777,
            "frame_num": 919
        },
        {
            "camera_to_world": [
                0.19584335554911986,
                -0.16962609646514967,
                0.9658531594234031,
                1.1124405167729698,
                0.9800299645506626,
                0.06845438029630675,
                -0.1866957800302546,
                -0.9575317016489828,
                -0.03444840821176154,
                0.9831281660134797,
                0.1796449929106457,
                0.14587359667119904,
                0.0,
                0.0,
                0.0,
                1.0
            ],
            "fov": 39.33953629190312,
            "aspect": 1.7777777777777777,
            "frame_num": 918
        },
        {
            "camera_to_world": [
                0.16673424316868235,
                -0.1706139150740295,
                0.9711284890378777,
                1.11506561595156,
                0.9853363933532332,
                0.0650122236123356,
                -0.1577518639973922,
                -0.9264734184634834,
                -0.036220564476352045,
                0.983190880936091,
                0.17895186355091655,
                0.14070936049891067,
                0.0,
                0.0,
                0.0,
                1.0
            ],
            "fov": 39.33953629190312,
            "aspect": 1.7777777777777777,
            "frame_num": 917
        },
        {
            "camera_to_world": [
                0.13728833205536456,
                -0.17191629400759864,
                0.9754981598235138,
                1.1167082626591875,
                0.9898062805803832,
                0.061479780860051604,
                -0.1284671605861081,
                -0.8954712007337049,
                -0.037887820056921394,
                0.9831912479205362,
