{
    "camera_type": "perspective",
    "render_height": 1080.0,
    "render_width": 1920.0,
    "fps": 30.0,
    "seconds": 6.0,
    "is_cycle": false,
    "smoothness_value": 0.0,
    "default_fov": 39.33953629190312,
    "default_transition_sec": 2.0,
    "camera_path": [
        {
            "camera_to_world": [
                0.9999031864703587,
                -0.009867539953575592,
                -0.009808690284538865,
                0.1664030627900749,
                -0.00926946627176458,
                0.05328240311333412,
                -0.998536479730342,
                -1.317064356202784,
                0.01037572930243034,
                0.9985307293446313,
                0.053185781354742945,
                0.06788118061308648,
                0.0,
                0.0,
                0.0,
                1.0
            ],
            "fov": 39.33953629190312,
            "aspect": 1.7777777777777777,
            "frame_num": 972
        },
        {
            "camera_to_world": [
                0.9999390502901384,
                -0.010224677504220679,
                -0.004160857868433573,
                0.1722662608251071,
                -0.0036070392646933773,
                0.053598799709390806,
                -0.9985560559008266,
                -1.3169215869784954,
                0.010432930712924596,
                0.9985102027071063,
                0.05355865559315172,
                0.06905073478167167,
                0.0,
                0.0,
                0.0,
                1.0
            ],
            "fov": 39.33953629190312,
            "aspect": 1.7777777777777777,
            "frame_num": 971
        },
        {
            "camera_to_world": [
                0.9999335876159723,
                -0.010868228837106792,
                0.0038292326653702113,
                0.18025229001854948,
                0.004408644252779092,
                0.053799162803823616,
                -0.9985420635988346,
                -1.3163994265158103,
                0.010646374194914534,
                0.9984926298941291,
                0.05384350755662713,
                0.06974195050976156,
                0.0,
                0.0,
                0.0,
                1.0
            ],
            "fov": 39.33953629190312,
            "aspect": 1.7777777777777777,
            "frame_num": 970
        },
        {
            "camera_to_world": [
                0.9998272960510576,
                -0.011545408572803364,
                0.014561685188476963,
                0.19070162459636059,
                0.015167693954231275,
                0.05426598808669911,
                -0.9984113292805944,
                -1.315595044960917,
                0.010736862503311169,
                0.9984597670137649,
                0.054431736889393144,
                0.07015362347117389,
                0.0,
                0.0,
                0.0,
                1.0
            ],
            "fov": 39.33953629190312,
            "aspect": 1.7777777777777777,
            "frame_num": 969
        },
        {
            "camera_to_world": [
                0.9995302805391589,
                -0.012617929869516736,
                0.027927892769213786,
                0.2035458824047848,
                0.02857880765464033,
                0.054747511610880616,
                -0.998091178482314,
                -1.314280114376634,
                0.011064861830759049,
                0.9984205016339687,
                0.055082404559296326,
                0.07042883387864778,
                0.0,
                0.0,
                0.0,
                1.0
            ],
            "fov": 39.33953629190312,
            "aspect": 1.7777777777777777,
            "frame_num": 968
        },
        {
            "camera_to_world": [
                0.9989680088697686,
                -0.013721511545273124,
                0.04329663311497645,
                0.21799375595629983,
                0.0439968210874174,
                0.05567356235140006,
                -0.9974792093212096,
                -1.3126529246977032,
                0.011276444600286593,
                0.9983547339683253,
                0.056219814145938754,
                0.07075521209707507,
                0.0,
                0.0,
                0.0,
                1.0
            ],
            "fov": 39.33953629190312,
            "aspect": 1.7777777777777777,
            "frame_num": 967
        },
        {
            "camera_to_world": [
                0.9980577200479943,
                -0.015280749962741173,
                0.06039244320761906,
                0.23417518092453588,
                0.06116367227747452,
                0.056398018736099745,
                -0.9965331442129434,
                -1.310545640556616,
                0.01182175951925378,
                0.9982914215900208,
                0.057223108304573826,
                0.07124236688245454,
                0.0,
                0.0,
                0.0,
                1.0
            ],
            "fov": 39.33953629190312,
            "aspect": 1.7777777777777777,
            "frame_num": 966
        },
        {
            "camera_to_world": [
                0.9967548015504707,
                -0.01651518211037223,
                0.07878499482359237,
                0.2516169793628516,
                0.07960251279649042,
                0.05669483892735239,
                -0.9952131299547071,
                -1.3077069689332088,
                0.011969423280032015,
                0.9982549495261086,
                0.057825506442769445,
                0.07097341216654822,
                0.0,
                0.0,
                0.0,
                1.0
            ],
            "fov": 39.33953629190312,
            "aspect": 1.7777777777777777,
            "frame_num": 965
        },
        {
            "camera_to_world": [
                0.9949484409514177,
                -0.017989457909651202,
                0.09876203884018671,
                0.2704317541380419,
                0.09964077459879218,
                0.0572322401226681,
                -0.9933761752562081,
                -1.3043228340216835,
                0.012217925892420779,
                0.9981988030174961,
                0.05873561512164759,
                0.07010371117395059,
                0.0,
                0.0,
                0.0,
                1.0
            ],
            "fov": 39.33953629190312,
            "aspect": 1.7777777777777777,
            "frame_num": 964
        },
        {
            "camera_to_world": [
                0.9893698079901522,
                -0.021814305213468197,
                0.14377579834239687,
                0.3120489882398791,
                0.1448224698461339,
                0.05817217609675569,
                -0.9877461662768389,
                -1.2943872590380943,
                0.01318324484712422,
                0.9980682012058211,
                0.060712999756812686,
                0.06763279573323866,
                0.0,
                0.0,
                0.0,
                1.0
            ],
            "fov": 39.33953629190312,
            "aspect": 1.7777777777777777,
            "frame_num": 962
        },
        {
            "camera_to_world": [
                0.9925223160577947,
                -0.01980341929197936,
                0.12044599526355186,
                0.29063128631446816,
                0.12140223513044492,
                0.057608494170164344,
                -0.9909302687593802,
                -1.2997986926870815,
                0.012685094829961312,
                0.9981428185539323,
                0.059581898935499665,
                0.06903736944891138,
                0.0,
                0.0,
                0.0,
                1.0
            ],
            "fov": 39.33953629190312,
            "aspect": 1.7777777777777777,
            "frame_num": 963
        },
        {
            "camera_to_world": [
                0.9853504405064868,
                -0.024016547660383462,
                0.1688421626714104,
                0.33461215828503943,
                0.16999147333966286,
                0.058850119708029905,
                -0.9836867393845055,
                -1.287864491446543,
                0.013688377447875728,
                0.9979778900781682,
                0.06207060318995413,
                0.06630848598578529,
                0.0,
                0.0,
                0.0,
                1.0
            ],
            "fov": 39.33953629190312,
            "aspect": 1.7777777777777777,
            "frame_num": 961
        },
        {
            "camera_to_world": [
                0.9804122855695381,
                -0.026657124815405317,
                0.19514381636193515,
                0.35801724160680964,
                0.19642896948500388,
                0.05989676022251999,
                -0.9786869146466934,
                -1.2803875296890694,
                0.014400496241863516,
                0.9978485737020967,
                0.06395975462017055,
                0.06552743974577449,
                0.0,
                0.0,
                0.0,
                1.0
            ],
            "fov": 39.33953629190312,
            "aspect": 1.7777777777777777,
            "frame_num": 960
        },
        {
            "camera_to_world": [
                0.974792869288793,
                -0.028978810471464535,
                0.2212217249521197,
                0.38123593634367814,
                0.2226268040135089,
                0.06100092093199023,
                -0.972993439144858,
                -1.2720181750792752,
                0.014701462798765658,
                0.9977169520505367,
                0.06591472616158088,
                0.06528735557137663,
                0.0,
                0.0,
                0.0,
                1.0
            ],
            "fov": 39.33953629190312,
            "aspect": 1.7777777777777777,
            "frame_num": 959
        },
        {
            "camera_to_world": [
                0.9684138014116456,
                -0.03110114869887722,
                0.24740127091117856,
                0.4041236144518746,
                0.24890759822624592,
                0.061598836136125996,
                -0.9665664124987354,
                -1.2628380289740169,
                0.01482169457097649,
                0.9976163100859646,
                0.0673944787271369,
                0.06532821770835757,
                0.0,
                0.0,
                0.0,
                1.0
            ],
            "fov": 39.33953629190312,
            "aspect": 1.7777777777777777,
            "frame_num": 958
        },
        {
            "camera_to_world": [
                0.9614243151082346,
                -0.033043807009198664,
                0.27307756077790624,
                0.42669583679141637,
                0.2746755778851669,
                0.06221529145839551,
                -0.9595220806531527,
                -1.253149822857697,
                0.01471666152374109,
                0.9975155961356221,
                0.06889162418017977,
                0.06513860665945394,
                0.0,
                0.0,
                0.0,
                1.0
            ],
            "fov": 39.33953629190312,
            "aspect": 1.7777777777777777,
            "frame_num": 957
        },
        {
            "camera_to_world": [
                0.9537910106957977,
                -0.03494962438665407,
                0.298431219436792,
                0.4489356531116523,
                0.3001201435627162,
                0.06284479939798816,
                -0.9518290127198688,
                -1.242846682464775,
                0.014511215369335808,
                0.9974111765685502,
                0.07042989441308445,
                0.06471285512142332,
                0.0,
                0.0,
                0.0,
                1.0
            ],
            "fov": 39.33953629190312,
            "aspect": 1.7777777777777777,
            "frame_num": 956
        },
        {
            "camera_to_world": [
                0.9455379356137839,
                -0.03653345578734339,
                0.32345522099182217,
                0.4707485748848932,
                0.32520305715408165,
                0.0627466104634213,
                -0.9435602118210311,
                -1.2317757781839163,
                0.014175795452513254,
                0.9973606016276904,
                0.07121009539758248,
                0.06388183612699717,
                0.0,
                0.0,
                0.0,
                1.0
            ],
            "fov": 39.33953629190312,
            "aspect": 1.7777777777777777,
            "frame_num": 955
        },
        {
            "camera_to_world": [
                0.9363896617280713,
                -0.038456758372628436,
                0.34884873542506606,
                0.492266924428434,
                0.35067893715326937,
                0.06260456704081871,
                -0.9344008722499373,
                -1.2201477334318642,
                0.014094503358219487,
                0.9972972205471446,
                0.07210824783905088,
                0.062356878712106774,
                0.0,
                0.0,
                0.0,
                1.0
            ],
            "fov": 39.33953629190312,
            "aspect": 1.7777777777777777,
            "frame_num": 954
        },
        {
            "camera_to_world": [
                0.9266799241968005,
                -0.040704148107449135,
                0.37364080542798006,
                0.5134877784658969,
                0.37558517480207587,
                0.06287511710566686,
                -0.9246526563832506,
                -1.2077879230240187,
                0.014144488023357769,
                0.9971910008408058,
                0.07355298663590987,
                0.06064736467389667,
                0.0,
                0.0,
                0.0,
                1.0
            ],
            "fov": 39.33953629190312,
            "aspect": 1.7777777777777777,
            "frame_num": 953
        },
        {
            "camera_to_world": [
                0.9161360408831851,
                -0.04331834166544786,
                0.39852005838307364,
                0.5344165865804967,
                0.4006115878945073,
                0.06342065574534995,
                -0.9140504444002145,
                -1.1946130355218598,
                0.014320744677715944,
                0.9970463087901903,
                0.07545578136978834,
                0.059399111742229574,
                0.0,
                0.0,
                0.0,
                1.0
            ],
            "fov": 39.33953629190312,
            "aspect": 1.7777777777777777,
            "frame_num": 952
        },
        {
            "camera_to_world": [
                0.9047739421774447,
                -0.04567921620849145,
                0.42343533606286804,
                0.5550873354138847,
                0.4256492986727141,
                0.06341861378753347,
                -0.9026631668587421,
                -1.1807981399679948,
                0.014379262489881223,
                0.9969410658585849,
                0.07682283877460194,
                0.05850963368828367,
                0.0,
                0.0,
                0.0,
                1.0
            ],
            "fov": 39.33953629190312,
            "aspect": 1.7777777777777777,
            "frame_num": 951
        },
        {
            "camera_to_world": [
                0.8927302176899226,
                -0.04821838940570551,
                0.4480041365990195,
                0.5754187942795952,
                0.45035858869432854,
                0.0635161135111746,
                -0.890585697028897,
                -1.1666002308716041,
                0.014487124826383042,
                0.9968152739605591,
                0.07841832283078772,
                0.05746670473907744,
                0.0,
                0.0,
                0.0,
                1.0
            ],
            "fov": 39.33953629190312,
            "aspect": 1.7777777777777777,
            "frame_num": 950
        },
        {
            "camera_to_world": [
                0.8799724643227856,
                -0.050569453656282314,
                0.47232526235000344,
                0.5953823869510723,
                0.47480547456581723,
                0.06343246751242466,
                -0.8778018695732956,
                -1.1518035010290566,
                0.014429202498209344,
                0.9967040947876417,
                0.07982948134120992,
                0.056548747673986724,
                0.0,
                0.0,
                0.0,
                1.0
            ],
            "fov": 39.33953629190312,
            "aspect": 1.7777777777777777,
            "frame_num": 949
        },
        {
            "camera_to_world": [
                0.8666579016316168,
                -0.05298470899301563,
                0.4960813070614716,
                0.6149008493921851,
                0.49869620050656555,
                0.06338603882174397,
                -0.8644560998232139,
                -1.136624928088411,
                0.014358324208030373,
                0.996581572591848,
                0.08135728755734946,
                0.05562349135495851,
                0.0,
                0.0,
                0.0,
                1.0
            ],
            "fov": 39.33953629190312,
            "aspect": 1.7777777777777777,
            "frame_num": 948
        },
        {
            "camera_to_world": [
                0.8526118702424601,
                -0.05554415432115501,
                0.5195842633354214,
                0.6339034657793972,
                0.522349844626028,
                0.06344187083160674,
                -0.8503680424870804,
                -1.1208497224621452,
                0.014269574286659144,
                0.9964386464148229,
                0.08310477557316509,
                0.05515220395993213,
                0.0,
                0.0,
                0.0,
                1.0
            ],
            "fov": 39.33953629190312,
            "aspect": 1.7777777777777777,
            "frame_num": 947
        },
        {
            "camera_to_world": [
                0.83784665636322,
                -0.05736888778802162,
                0.5428828162673299,
                0.6524977155684313,
                0.5457255212316922,
                0.0624759801762297,
                -0.8356317647242569,
                -1.1046249711863603,
                0.014022127017796041,
                0.9963962879956996,
                0.08365296028641629,
                0.05435539883808743,
                0.0,
                0.0,
                0.0,
                1.0
            ],
            "fov": 39.33953629190312,
            "aspect": 1.7777777777777777,
            "frame_num": 946
        },
        {
            "camera_to_world": [
                0.8224935301145814,
                -0.059173308927116086,
                0.5656879647771202,
                0.6705599894510743,
                0.5686069321033309,
                0.06140705497396778,
                -0.8203141893215192,
                -1.088108388482167,
                0.013803471051620358,
                0.9963572116568226,
                0.08415326202092085,
                0.05228473875121049,
                0.0,
                0.0,
                0.0,
                1.0
            ],
            "fov": 39.33953629190312,
            "aspect": 1.7777777777777777,
            "frame_num": 945
        },
        {
            "camera_to_world": [
                0.8062644750955158,
                -0.06237033128364384,
                0.5882580208020382,
                0.6882894889268041,
                0.5913905331319042,
                0.061520759458458724,
                -0.8040351188327381,
                -1.071072768210305,
                0.013957854507621234,
                0.9961551776835826,
                0.08648722919672602,
                0.05028698888053444,
                0.0,
                0.0,
                0.0,
                1.0
            ],
            "fov": 39.33953629190312,
            "aspect": 1.7777777777777777,
            "frame_num": 944
        },
        {
            "camera_to_world": [
                0.7892098463752167,
                -0.06536816271504715,
                0.6106347375895643,
                0.7056680908773594,
                0.6139584756640305,
                0.06092500369239153,
                -0.7869835912674042,
                -1.0533580699872511,
                0.014240745704875856,
                0.9959995719421088,
                0.08821595317910884,
                0.049675979664676045,
                0.0,
                0.0,
                0.0,
                1.0
            ],
            "fov": 39.33953629190312,
            "aspect": 1.7777777777777777,
            "frame_num": 943
        },
        {
            "camera_to_world": [
                0.7714902000168845,
                -0.0680665503048926,
                0.6325897383540998,
                0.722953959163076,
                0.6360796373669634,
                0.06010976598467753,
                -0.7692785904983563,
                -1.0354811452968675,
                0.014337316562081103,
                0.995868345129414,
                0.08966984479407884,
                0.05004118097453245,
                0.0,
                0.0,
                0.0,
                1.0
            ],
            "fov": 39.33953629190312,
            "aspect": 1.7777777777777777,
            "frame_num": 942
        },
        {
            "camera_to_world": [
                0.7532789344864399,
                -0.06988790694902162,
                0.6539774372137535,
                0.7403055037730526,
                0.6575486805927473,
                0.05861422882516587,
                -0.7511285799839647,
                -1.0180360666351675,
                0.014162418896759985,
                0.9958313374778781,
                0.09010756755348716,
                0.050350124894332646,
                0.0,
                0.0,
                0.0,
                1.0
            ],
            "fov": 39.33953629190312,
            "aspect": 1.7777777777777777,
            "frame_num": 941
        },
        {
            "camera_to_world": [
                0.7167242852650287,
                -0.07322620972888837,
                0.69350139306528,
                0.7745963382107731,
                0.6972254974375399,
                0.05595948786667081,
                -0.7146643829654823,
                -0.9835968272635432,
                0.013524178803263056,
                0.9957441729558708,
                0.09116270703812669,
                0.047144312427304484,
                0.0,
                0.0,
                0.0,
                1.0
            ],
            "fov": 39.33953629190312,
            "aspect": 1.7777777777777777,
            "frame_num": 939
        },
        {
            "camera_to_world": [
                0.7350000014682109,
                -0.0716497166583461,
                0.6742709225585208,
                0.757774583418571,
                0.6779244678599403,
                0.057254092789226,
                -0.7328986448169064,
                -1.000954467853511,
                0.01390720794563247,
                0.9957852614979558,
                0.09065485697411899,
                0.04935037313945469,
                0.0,
                0.0,
                0.0,
                1.0
            ],
            "fov": 39.33953629190312,
            "aspect": 1.7777777777777777,
            "frame_num": 940
        },
        {
            "camera_to_world": [
                0.6980105744891849,
                -0.07447287137303595,
                0.712204317871033,
                0.7904404728100133,
                0.7159674076891195,
                0.05437017099588761,
                -0.696013357969198,
                -0.9654878572268641,
                0.013111440269210226,
                0.995739763181846,
                0.0912711054771515,
                0.04348852583242754,
                0.0,
                0.0,
                0.0,
                1.0
            ],
            "fov": 39.33953629190312,
            "aspect": 1.7777777777777777,
            "frame_num": 938
        },
        {
            "camera_to_world": [
                0.6783936307415939,
                -0.07690007943653222,
                0.7306630007159951,
                0.8056859783834419,
                0.7345813453005876,
                0.05322560895166148,
                -0.6764298341490134,
                -0.9467875356354922,
                0.013127522294872199,
                0.9956171012839229,
                0.09259728036929185,
                0.03975948487622829,
                0.0,
                0.0,
                0.0,
                1.0
            ],
            "fov": 39.33953629190312,
            "aspect": 1.7777777777777777,
            "frame_num": 937
        },
        {
            "camera_to_world": [
                0.6581872774152936,
                -0.07886123884454835,
                0.7487124774704618,
                0.8203080165193982,
                0.7527399840343183,
                0.05160859350169195,
                -0.6562919383563613,
                -0.9273585066628786,
                0.013115994804953738,
                0.9955488225656395,
                0.09333012970546087,
                0.03680459558070459,
                0.0,
                0.0,
                0.0,
                1.0
            ],
            "fov": 39.33953629190312,
            "aspect": 1.7777777777777777,
            "frame_num": 936
        },
        {
            "camera_to_world": [
                0.637150127663306,
                -0.08158248401925183,
                0.7664097952031221,
                0.8341734512772317,
                0.7706264426513572,
                0.05038401037961397,
                -0.6352923549227874,
                -0.9074244857886713,
                0.013213926654092888,
                0.9953922592690345,
                0.09497180040443798,
                0.03407545202581075,
                0.0,
                0.0,
                0.0,
                1.0
            ],
            "fov": 39.33953629190312,
            "aspect": 1.7777777777777777,
            "frame_num": 935
        },
        {
            "camera_to_world": [
                0.6156210067881132,
                -0.08434802659282004,
                0.7835152503139277,
                0.846937423597991,
                0.7879321292139239,
                0.049253238899695025,
                -0.6137891470603406,
                -0.8870087779742192,
                0.013181236768639295,
                0.9952183322599922,
                0.09678185094986488,
                0.03250714054023847,
                0.0,
                0.0,
                0.0,
                1.0
            ],
            "fov": 39.33953629190312,
            "aspect": 1.7777777777777777,
            "frame_num": 934
        },
        {
            "camera_to_world": [
                0.59322225198123,
                -0.08695399828308041,
                0.8003288842721558,
                0.8590997377730647,
                0.8049270381642005,
                0.04750592899429344,
                -0.5914690936822948,
                -0.8659458505238984,
                0.013410232622295258,
                0.9950789862515311,
                0.09817320064067495,
                0.03174151463904505,
                0.0,
                0.0,
                0.0,
                1.0
            ],
            "fov": 39.33953629190312,
            "aspect": 1.7777777777777777,
            "frame_num": 933
        },
        {
            "camera_to_world": [
                0.570351247528524,
                -0.09016845122162215,
                0.8164368107271749,
                0.8705856024072819,
                0.8212856024843593,
                0.04594637905947007,
                -0.5686641612076372,
                -0.8443899921946029,
                0.013763248652659597,
                0.9948661119087886,
                0.10025962748987209,
                0.03217619300914696,
                0.0,
                0.0,
                0.0,
                1.0
            ],
            "fov": 39.33953629190312,
            "aspect": 1.7777777777777777,
            "frame_num": 932
        },
        {
            "camera_to_world": [
                0.5221891735268117,
                -0.09521387106715035,
                0.8474979332548274,
                0.8915544228693626,
                0.8527187356256977,
                0.04226241755273943,
                -0.5206579345542217,
                -0.7998531929601296,
                0.0137565429617271,
                0.9945593027887826,
                0.10325963056502852,
                0.03566499164622496,
                0.0,
                0.0,
                0.0,
                1.0
            ],
            "fov": 39.33953629190312,
            "aspect": 1.7777777777777777,
            "frame_num": 930
        },
        {
            "camera_to_world": [
                0.5465776016076253,
                -0.09297634433917976,
                0.8322309089895592,
                0.8814071100621085,
                0.8372961826507463,
                0.0444034979927947,
                -0.5449435481985733,
                -0.8223211917542518,
                0.013712892583033058,
                0.9946777009227936,
                0.10211869763341518,
                0.03381171816962655,
                0.0,
                0.0,
                0.0,
                1.0
            ],
            "fov": 39.33953629190312,
            "aspect": 1.7777777777777777,
            "frame_num": 931
        },
        {
            "camera_to_world": [
                0.497539326711444,
                -0.09791920052107914,
                0.8618969831762064,
                0.9011013756339967,
                0.8673346219859934,
                0.040564678675378336,
                -0.49606975234047107,
                -0.7772731067700432,
                0.013612176366222485,
                0.994367304844407,
                0.10511123752215107,
                0.03768771707760288,
                0.0,
                0.0,
                0.0,
                1.0
            ],
            "fov": 39.33953629190312,
            "aspect": 1.7777777777777777,
            "frame_num": 929
        },
        {
            "camera_to_world": [
                0.4724716927402841,
                -0.10053681119201789,
                0.8755928335807012,
                0.9099563098680297,
                0.8812426975074309,
                0.038689531657417196,
                -0.47107798406284657,
                -0.754501687775281,
                0.013484398624138012,
                0.9941808033010552,
                0.10687704095738636,
                0.04037371460115913,
                0.0,
                0.0,
                0.0,
                1.0
            ],
            "fov": 39.33953629190312,
            "aspect": 1.7777777777777777,
            "frame_num": 928
        },
        {
            "camera_to_world": [
                0.44692118087583166,
                -0.1021453574511877,
                0.8887225354963891,
                0.9183034189566839,
                0.8944760900776211,
                0.03637613158178491,
                -0.4456336389562106,
                -0.7314664893823998,
                0.01319111634170042,
                0.9941041710583554,
                0.10762384529662997,
                0.042355323929056186,
                0.0,
                0.0,
                0.0,
                1.0
            ],
            "fov": 39.33953629190312,
            "aspect": 1.7777777777777777,
            "frame_num": 927
        },
        {
            "camera_to_world": [
                0.4210141180456227,
                -0.10395663444999925,
                0.901077184054454,
                0.9263210890586586,
                0.9069577799568852,
                0.03377019132257119,
                -0.41986569089706866,
                -0.708300366885934,
                0.013218272088276547,
                0.9940083461628569,
                0.1085020072808572,
                0.043537156662991044,
                0.0,
                0.0,
                0.0,
                1.0
            ],
            "fov": 39.33953629190312,
            "aspect": 1.7777777777777777,
            "frame_num": 926
        },
        {
            "camera_to_world": [
                0.3950552451358593,
                -0.10622477248960635,
                0.9124952668718822,
                0.9341077540430989,
                0.9185645807364318,
                0.03155777390687531,
                -0.39400920898032876,
                -0.6849711309893504,
                0.013057216060594621,
                0.9938412370776122,
                0.11004137919519694,
                0.04416600252204486,
                0.0,
                0.0,
                0.0,
                1.0
            ],
            "fov": 39.33953629190312,
            "aspect": 1.7777777777777777,
            "frame_num": 925
        },
        {
            "camera_to_world": [
                0.36849484952991024,
                -0.10797770540796174,
                0.9233375991847026,
                0.9413551074509867,
                0.9295413245466265,
                0.029093835112452702,
                -0.36756837943069975,
                -0.6614028178269373,
                0.012825755088050679,
                0.993727509828582,
                0.11109066908926299,
                0.044437438695619814,
                0.0,
                0.0,
                0.0,
                1.0
            ],
            "fov": 39.33953629190312,
            "aspect": 1.7777777777777777,
            "frame_num": 924
        },
        {
            "camera_to_world": [
                0.34163079467392604,
                -0.11027940084647525,
                0.9333417460624026,
                0.9479041697875855,
                0.9397508804232333,
                0.02685525433772101,
                -0.34080363392571517,
                -0.6375329115076249,
                0.01251848730369428,
                0.9935377440998217,
                0.11280974721652899,
                0.04429295612524866,
                0.0,
                0.0,
                0.0,
                1.0
            ],
            "fov": 39.33953629190312,
            "aspect": 1.7777777777777777,
            "frame_num": 923
        },
        {
            "camera_to_world": [
                0.28612014903876426,
                -0.11430500866929463,
                0.951351452603378,
                0.9586270294532329,
                0.9581155855560852,
                0.021446297232214855,
                -0.2855776950118931,
                -0.5888872870622907,
                0.012239991533404684,
                0.9932141869744288,
                0.11565362917945875,
                0.04378478631434613,
                0.0,
                0.0,
                0.0,
                1.0
            ],
            "fov": 39.33953629190312,
            "aspect": 1.7777777777777777,
            "frame_num": 921
        },
        {
            "camera_to_world": [
                0.31436234542549835,
                -0.11282825709501162,
                0.9425741675024255,
                0.9536571351419868,
                0.9492219774013566,
                0.02438087053101881,
                -0.31366104254300675,
                -0.6133772749585487,
                0.012409046692363458,
                0.9933153363510917,
                0.11476349015386918,
                0.04421891591460367,
                0.0,
                0.0,
                0.0,
                1.0
            ],
            "fov": 39.33953629190312,
            "aspect": 1.7777777777777777,
            "frame_num": 922
        },
        {
            "camera_to_world": [
                0.25776152844988465,
                -0.11604819481709847,
                0.9592141429286172,
                0.9628022616651969,
                0.9661333544185069,
                0.018568229292184744,
                -0.25737443769682206,
                -0.5642346260643819,
                0.012056927364542157,
                0.9930700062026778,
                0.11690420790344812,
                0.04254789487308542,
                0.0,
                0.0,
                0.0,
                1.0
            ],
            "fov": 39.33953629190312,
            "aspect": 1.7777777777777777,
            "frame_num": 920
        },
        {
            "camera_to_world": [
                0.22878886128946876,
                -0.11721567986540674,
                0.966393347662829,
                0.9663541788754303,
                0.9734058589096773,
                0.015622174893948954,
                -0.22855419560939005,
                -0.5394196363909358,
                0.011692966127215381,
                0.9929836010377067,
                0.11767261004893777,
                0.040508221571075365,
                0.0,
                0.0,
                0.0,
                1.0
            ],
            "fov": 39.33953629190312,
            "aspect": 1.7777777777777777,
            "frame_num": 919
        },
        {
            "camera_to_world": [
                0.19996354532299623,
                -0.11829528902942099,
                0.9726359885377025,
                0.9693012952074154,
                0.9797345959683701,
                0.012380382191706372,
                -0.19991719895556828,
                -0.5143785358670688,
                0.011607654132963231,
                0.9929012793947507,
                0.11837361312467361,
                0.037839594720454686,
                0.0,
                0.0,
                0.0,
                1.0
            ],
            "fov": 39.33953629190312,
            "aspect": 1.7777777777777777,
            "frame_num": 918
        },
        {
            "camera_to_world": [
                0.1708357124337163,
                -0.11930017808370795,
                0.9780504015284028,
                0.9713541985361984,
                0.9852306357735883,
                0.00894360822658551,
                -0.1709989621132796,
                -0.4891901571008062,
                0.011652903565894962,
                0.9928179487127504,
                0.11906607869029424,
                0.03501696982576389,
                0.0,
                0.0,
                0.0,
                1.0
            ],
            "fov": 39.33953629190312,
            "aspect": 1.7777777777777777,
            "frame_num": 917
        },
        {
            "camera_to_world": [
                0.1413716838449483,
                -0.12062298412720321,
                0.9825803294237587,
                0.9726124638041574,
                0.9898866081660362,
                0.005421325735613275,
                -0.14175736679117107,
                -0.46403899297846907,
