{
    "camera_type": "perspective",
    "render_height": 1080.0,
    "render_width": 1920.0,
    "fps": 30.0,
    "seconds": 6.0,
    "is_cycle": false,
    "smoothness_value": 0.0,
    "default_fov": 39.33953629190312,
    "default_transition_sec": 2.0,
    "camera_path": [
        {
            "camera_to_world": [
                0.999697977029036,
                -0.02267075398100691,
                -0.009483417531000151,
                0.19240963541449424,
                -0.007496545243882051,
                0.0861723998548124,
                -0.9962520649893741,
                -1.5567916271508462,
                0.023402994106956013,
                0.9960222669812364,
                0.08597642752300612,
                0.12852222214855688,
                0.0,
                0.0,
                0.0,
                1.0
            ],
            "fov": 39.33953629190312,
            "aspect": 1.7777777777777777,
            "frame_num": 972
        },
        {
            "camera_to_world": [
                0.9997274162931086,
                -0.023027918125379757,
                -0.0038407901268227023,
                0.19887661702450155,
                -0.0018352668005674356,
                0.08648743779276065,
                -0.9962512798399497,
                -1.5565819184873095,
                0.02327377275855374,
                0.9959867669776545,
                0.08642160639685409,
                0.1298921665175141,
                0.0,
                0.0,
                0.0,
                1.0
            ],
            "fov": 39.33953629190312,
            "aspect": 1.7777777777777777,
            "frame_num": 971
        },
        {
            "camera_to_world": [
                0.9997111721502323,
                -0.023671393648559864,
                0.004144993465005395,
                0.20769740633736852,
                0.006183079702023896,
                0.08668619452611534,
                -0.9962165080377369,
                -1.5559669646914476,
                0.023222519119846873,
                0.9959544019196852,
                0.08680752529453162,
                0.13074948006007506,
                0.0,
                0.0,
                0.0,
                1.0
            ],
            "fov": 39.33953629190312,
            "aspect": 1.7777777777777777,
            "frame_num": 970
        },
        {
            "camera_to_world": [
                0.9995929201281496,
                -0.0243485673890914,
                0.014868922821073702,
                0.219245808097589,
                0.01693909810839011,
                0.08715071597570999,
                -0.9960511419315368,
                -1.5550463810570034,
                0.022956580726585032,
                0.9958975358290185,
                0.08752768748380478,
                0.13132221488502993,
                0.0,
                0.0,
                0.0,
                1.0
            ],
            "fov": 39.33953629190312,
            "aspect": 1.7777777777777777,
            "frame_num": 969
        },
        {
            "camera_to_world": [
                0.9992782614355874,
                -0.025420983273211937,
                0.028225403482937738,
                0.23344392945615763,
                0.030353296564814294,
                0.08762915281332716,
                -0.9956906480668534,
                -1.5535626833359717,
                0.02283806667809652,
                0.9958287538941301,
                0.08833752415198017,
                0.13175921154521958,
                0.0,
                0.0,
                0.0,
                1.0
            ],
            "fov": 39.33953629190312,
            "aspect": 1.7777777777777777,
            "frame_num": 968
        },
        {
            "camera_to_world": [
                0.9986978378023238,
                -0.026524565359884136,
                0.04357774399293553,
                0.249414295536023,
                0.04576908309599903,
                0.08855095620618064,
                -0.9950195861742853,
                -1.5517294474392043,
                0.022533610618596055,
                0.9957184227874889,
                0.08964965956050878,
                0.13226393962675922,
                0.0,
                0.0,
                0.0,
                1.0
            ],
            "fov": 39.33953629190312,
            "aspect": 1.7777777777777777,
            "frame_num": 967
        },
        {
            "camera_to_world": [
                0.997763406343312,
                -0.02808359553800294,
                0.060658389312032865,
                0.2672988577173476,
                0.06294326499166135,
                0.08927070642598149,
                -0.9940165713152468,
                -1.5493569603425665,
                0.022500541449993812,
                0.9956113973439782,
                0.09083872334229635,
                0.13295324558248806,
                0.0,
                0.0,
                0.0,
                1.0
            ],
            "fov": 39.33953629190312,
            "aspect": 1.7777777777777777,
            "frame_num": 966
        },
        {
            "camera_to_world": [
                0.9964401766695468,
                -0.02931775901602342,
                0.0790404130500505,
                0.2865870338123414,
                0.08137506795299208,
                0.0895644018783286,
                -0.9926511844121007,
                -1.5462016545433717,
                0.022023100149448683,
                0.9955494406626793,
                0.0916313090666282,
                0.13279793611007987,
                0.0,
                0.0,
                0.0,
                1.0
            ],
            "fov": 39.33953629190312,
            "aspect": 1.7777777777777777,
            "frame_num": 965
        },
        {
            "camera_to_world": [
                0.9946106510166794,
                -0.030791737043733995,
                0.09900235039678495,
                0.30740135527911305,
                0.10140802845341056,
                0.09009755634388664,
                -0.9907567308824986,
                -1.5424631896110905,
                0.021587250025337727,
                0.9954568303781942,
                0.09273452450394534,
                0.13197809183595643,
                0.0,
                0.0,
                0.0,
                1.0
            ],
            "fov": 39.33953629190312,
            "aspect": 1.7777777777777777,
            "frame_num": 964
        },
        {
            "camera_to_world": [
                0.9889747381234166,
                -0.03461554756888596,
                0.14398150850129177,
                0.3534464791673513,
                0.14658898126235442,
                0.0910272190928081,
                -0.985000392710388,
                -1.5315057981547717,
                0.02099009049592805,
                0.9952466081893496,
                0.0950978839606774,
                0.1294704738768926,
                0.0,
                0.0,
                0.0,
                1.0
            ],
            "fov": 39.33953629190312,
            "aspect": 1.7777777777777777,
            "frame_num": 962
        },
        {
            "camera_to_world": [
                0.9921568877625481,
                -0.03260521288870825,
                0.12067126305752436,
                0.32974848238795795,
                0.12316957675697111,
                0.09046917251558712,
                -0.988253328792156,
                -1.5374696525708649,
                0.021305179864460254,
                0.9953653755211271,
                0.09377558888036469,
                0.13091880868245742,
                0.0,
                0.0,
                0.0,
                1.0
            ],
            "fov": 39.33953629190312,
            "aspect": 1.7777777777777777,
            "frame_num": 963
        },
        {
            "camera_to_world": [
                0.9849239533730406,
                -0.036817137519549153,
                0.1690244006851337,
                0.3784087916311867,
                0.17175519571319062,
                0.09169867463532724,
                -0.9808626629139123,
                -1.5243088409073184,
                0.020613240740389786,
                0.9951059507949349,
                0.09663976171285493,
                0.12808641894836406,
                0.0,
                0.0,
                0.0,
                1.0
            ],
            "fov": 39.33953629190312,
            "aspect": 1.7777777777777777,
            "frame_num": 961
        },
        {
            "camera_to_world": [
                0.9799505385582438,
                -0.03945689871867189,
                0.19529474824734536,
                0.40429337834426915,
                0.19819472814998879,
                0.09273671469246293,
                -0.9757657552735309,
                -1.5160360599237348,
                0.020389695788079133,
                0.9949085670211123,
                0.0986975486975067,
                0.12727982197408938,
                0.0,
                0.0,
                0.0,
                1.0
            ],
            "fov": 39.33953629190312,
            "aspect": 1.7777777777777777,
            "frame_num": 960
        },
        {
            "camera_to_world": [
                0.9743014092704649,
                -0.04177782295774991,
                0.22133983141897148,
                0.4299632211581357,
                0.22438019781044183,
                0.09383262223692587,
                -0.9699737231067719,
                -1.5067574702238657,
                0.01975449209209843,
                0.9947110406253982,
                0.1007953780951812,
                0.12703591887859436,
                0.0,
                0.0,
                0.0,
                1.0
            ],
            "fov": 39.33953629190312,
            "aspect": 1.7777777777777777,
            "frame_num": 959
        },
        {
            "camera_to_world": [
                0.9678949151742477,
                -0.04389930289271243,
                0.24749187452409635,
                0.4552621496840796,
                0.2506415379114604,
                0.09442386619174473,
                -0.9634640681674149,
                -1.4965729787022128,
                0.018926259556479398,
                0.9945637166706004,
                0.10239537453807712,
                0.12706827650952301,
                0.0,
                0.0,
                0.0,
                1.0
            ],
            "fov": 39.33953629190312,
            "aspect": 1.7777777777777777,
            "frame_num": 958
        },
        {
            "camera_to_world": [
                0.960881444611506,
                -0.045841135367324995,
                0.27313986029069665,
                0.48021493006066984,
                0.2763820430463392,
                0.09503389397269262,
                -0.9563375883864661,
                -1.4858358269989271,
                0.017882054415382508,
                0.9944179961733232,
                0.10398597771694043,
                0.12682292941148537,
                0.0,
                0.0,
                0.0,
                1.0
            ],
            "fov": 39.33953629190312,
            "aspect": 1.7777777777777777,
            "frame_num": 957
        },
        {
            "camera_to_world": [
                0.9532258160164121,
                -0.0477460957326957,
                0.298464064155488,
                0.5048027795568226,
                0.3017950807390288,
                0.09565689756739074,
                -0.9485618297572531,
                -1.4744281193105913,
                0.016739975459978403,
                0.9942686106322722,
                0.10559216674640412,
                0.12628947530159465,
                0.0,
                0.0,
                0.0,
                1.0
            ],
            "fov": 39.33953629190312,
            "aspect": 1.7777777777777777,
            "frame_num": 956
        },
        {
            "camera_to_world": [
                0.9449524907547087,
                -0.04932905269882001,
                0.3234677392668256,
                0.5289234291109334,
                0.3268414930564001,
                0.09555483588450711,
                -0.9402361242999925,
                -1.462187249322747,
                0.015472048376715852,
                0.9942011464937649,
                0.10641756704013645,
                0.125274084256049,
                0.0,
                0.0,
                0.0,
                1.0
            ],
            "fov": 39.33953629190312,
            "aspect": 1.7777777777777777,
            "frame_num": 955
        },
        {
            "camera_to_world": [
                0.935780400154861,
                -0.0512512453961562,
                0.3488384957275107,
                0.5527275143483122,
                0.35228776275638135,
                0.0954080372321506,
                -0.9310159484813004,
                -1.4493563418565432,
                0.014433728295206073,
                0.9941180101262667,
                0.10733616340880807,
                0.12346725974660831,
                0.0,
                0.0,
                0.0,
                1.0
            ],
            "fov": 39.33953629190312,
            "aspect": 1.7777777777777777,
            "frame_num": 954
        },
        {
            "camera_to_world": [
                0.926045788207148,
                -0.05349736632700855,
                0.3736002857466222,
                0.5762044152247674,
                0.377168229766837,
                0.09567173221619282,
                -0.9211900475972516,
                -1.4357238069032565,
                0.013538252432010551,
                0.9939743222128737,
                0.10877391712987074,
                0.1214255678636202,
                0.0,
                0.0,
                0.0,
                1.0
            ],
            "fov": 39.33953629190312,
            "aspect": 1.7777777777777777,
            "frame_num": 953
        },
        {
            "camera_to_world": [
                0.9154753657313026,
                -0.05611004611041992,
                0.39844254420770037,
                0.5993509453886152,
                0.4021717820433904,
                0.09620847402661542,
                -0.9104953843575687,
                -1.421173994824328,
                0.012754386178946331,
                0.9937784431163317,
                0.11064237061681513,
                0.11985981668431017,
                0.0,
                0.0,
                0.0,
                1.0
            ],
            "fov": 39.33953629190312,
            "aspect": 1.7777777777777777,
            "frame_num": 952
        },
        {
            "camera_to_world": [
                0.9040882870723748,
                -0.05846938103448894,
                0.4233268763379717,
                0.6222063299039179,
                0.4271815760258754,
                0.09619959597257284,
                -0.8990337015494395,
                -1.4059040958339422,
                0.011842066787693775,
                0.9936432815419458,
                0.11194997564081642,
                0.11866360328012955,
                0.0,
                0.0,
                0.0,
                1.0
            ],
            "fov": 39.33953629190312,
            "aspect": 1.7777777777777777,
            "frame_num": 951
        },
        {
            "camera_to_world": [
                0.8920193385525053,
                -0.06100683763730924,
                0.4478611492191828,
                0.6446882611864726,
                0.45186378385496856,
                0.09628927338993307,
                -0.8868751627784102,
                -1.3902169800454476,
                0.010981221473644718,
                0.9934820296877093,
                0.11345867973745756,
                0.11727903948947548,
                0.0,
                0.0,
                0.0,
                1.0
            ],
            "fov": 39.33953629190312,
            "aspect": 1.7777777777777777,
            "frame_num": 950
        },
        {
            "camera_to_world": [
                0.8792388004148425,
                -0.06335620525390949,
                0.47214941138475985,
                0.6667609673326176,
                0.47627724465708365,
                0.0961986539739872,
                -0.8740170838595621,
                -1.373864003155911,
                0.009954264818019087,
                0.9933437531562961,
                0.11475671319154544,
                0.11600556662714172,
                0.0,
                0.0,
                0.0,
                1.0
            ],
            "fov": 39.33953629190312,
            "aspect": 1.7777777777777777,
            "frame_num": 949
        },
        {
            "camera_to_world": [
                0.8659022230591392,
                -0.06576965125488454,
                0.49587058457336713,
                0.6883411170981614,
                0.5001336274558422,
                0.09614476594667444,
                -0.860594327399294,
                -1.3570899392180393,
                0.008925624258304536,
                0.9931920955400749,
                0.1161455859408546,
                0.11470382606107621,
                0.0,
                0.0,
                0.0,
                1.0
            ],
            "fov": 39.33953629190312,
            "aspect": 1.7777777777777777,
            "frame_num": 948
        },
        {
            "camera_to_world": [
                0.8518347035112864,
                -0.0683271176544352,
                0.5193351388621392,
                0.7093437587147219,
                0.5237514252924188,
                0.09619220434179104,
                -0.8464228033382314,
                -1.339640665916441,
                0.007877635297929496,
                0.9930148369921991,
                0.11772628814627406,
                0.11387478767009541,
                0.0,
                0.0,
                0.0,
                1.0
            ],
            "fov": 39.33953629190312,
            "aspect": 1.7777777777777777,
            "frame_num": 947
        },
        {
            "camera_to_world": [
                0.8370503663008311,
                -0.07015018973075704,
                0.5426099692472157,
                0.7298989165229939,
                0.5470851476239219,
                0.0952228413924015,
                -0.8316432585005377,
                -1.3217070221980733,
                0.006671065823665344,
                0.9929811493755148,
                0.11808444610061115,
                0.11266382665845767,
                0.0,
                0.0,
                0.0,
                1.0
            ],
            "fov": 39.33953629190312,
            "aspect": 1.7777777777777777,
            "frame_num": 946
        },
        {
            "camera_to_world": [
                0.8216782940896229,
                -0.07195288949743373,
                0.5653914628688855,
                0.7498834679708174,
                0.5699249849570016,
                0.0941506372642696,
                -0.8162850156087743,
                -1.3034981165148496,
                0.005502095350857932,
                0.9929544001818154,
                0.11836928930914331,
                0.11002683565237807,
                0.0,
                0.0,
                0.0,
                1.0
            ],
            "fov": 39.33953629190312,
            "aspect": 1.7777777777777777,
            "frame_num": 945
        },
        {
            "camera_to_world": [
                0.8054256998524193,
                -0.07514718402143687,
                0.587913502414233,
                0.7694984234493313,
                0.5926781202840486,
                0.0942530580664216,
                -0.7999056597278318,
                -1.2847133785160316,
                0.00469800855462121,
                0.992708045397874,
                0.12045193175363897,
                0.10744680134398837,
                0.0,
                0.0,
                0.0,
                1.0
            ],
            "fov": 39.33953629190312,
            "aspect": 1.7777777777777777,
            "frame_num": 944
        },
        {
            "camera_to_world": [
                0.7883461754562311,
                -0.07814218375087109,
                0.6102491706936272,
                0.7887050106461899,
                0.6152187759431662,
                0.0936482205894096,
                -0.7827745053272702,
                -1.26512802082978,
                0.00401895637220198,
                0.9925340354333864,
                0.12190175979544475,
                0.10636970190472124,
                0.0,
                0.0,
                0.0,
                1.0
            ],
            "fov": 39.33953629190312,
            "aspect": 1.7777777777777777,
            "frame_num": 943
        },
        {
            "camera_to_world": [
                0.7706045162009757,
                -0.08083785490943991,
                0.6321660101542801,
                0.8077950848336378,
                0.637305800971688,
                0.09282525180075822,
                -0.7649998995809631,
                -1.2453278917191861,
                0.0031599777801360647,
                0.9923954430639392,
                0.12304999663383656,
                0.10636430580553571,
                0.0,
                0.0,
                0.0,
                1.0
            ],
            "fov": 39.33953629190312,
            "aspect": 1.7777777777777777,
            "frame_num": 942
        },
        {
            "camera_to_world": [
                0.7523753999840632,
                -0.08265708642786708,
                0.6535281226788625,
                0.8269590598371658,
                0.6587314085513263,
                0.09132671232098778,
                -0.746814850339459,
                -1.2260070349588592,
                0.0020449606165055586,
                0.9923846226329344,
                0.12316079507292875,
                0.10631341626211924,
                0.0,
                0.0,
                0.0,
                1.0
            ],
            "fov": 39.33953629190312,
            "aspect": 1.7777777777777777,
            "frame_num": 941
        },
        {
            "camera_to_world": [
                0.7157920212859147,
                -0.08599133406803104,
                0.6929987130570342,
                0.8648856274429028,
                0.698313429916005,
                0.08866578375074435,
                -0.7102793746644586,
                -1.1880038443323526,
                -0.0003674074326940431,
                0.99234261764246,
                0.12351516816779669,
                0.10199625331045038,
                0.0,
                0.0,
                0.0,
                1.0
            ],
            "fov": 39.33953629190312,
            "aspect": 1.7777777777777777,
            "frame_num": 939
        },
        {
            "camera_to_world": [
                0.7340807461803376,
                -0.08441679619039599,
                0.6737946320492242,
                0.846271892706747,
                0.6790616107103815,
                0.08996328597906006,
                -0.7285478664564156,
                -1.207135485332076,
                0.0008848933053450944,
                0.9923610296870204,
                0.12336452596911754,
                0.10483104694263155,
                0.0,
                0.0,
                0.0,
                1.0
            ],
            "fov": 39.33953629190312,
            "aspect": 1.7777777777777777,
            "frame_num": 940
        },
        {
            "camera_to_world": [
                0.6970662790796618,
                -0.08723623973036303,
                0.711679973455642,
                0.8824379251793394,
                0.7170048301876027,
                0.08707541020266862,
                -0.6916082735975673,
                -1.1680961709434037,
                -0.001636524964362715,
                0.9923747845142152,
                0.12324614148782313,
                0.0975180119638494,
                0.0,
                0.0,
                0.0,
                1.0
            ],
            "fov": 39.33953629190312,
            "aspect": 1.7777777777777777,
            "frame_num": 938
        },
        {
            "camera_to_world": [
                0.6774320309199915,
                -0.08966053198109483,
                0.730100524625591,
                0.8993286226327728,
                0.7355811829152479,
                0.08592396570663112,
                -0.6719653660280215,
                -1.1475384863509217,
                -0.0024843648540287828,
                0.992259070316262,
                0.12416025069082913,
                0.09292880170968022,
                0.0,
                0.0,
                0.0,
                1.0
            ],
            "fov": 39.33953629190312,
            "aspect": 1.7777777777777777,
            "frame_num": 937
        },
        {
            "camera_to_world": [
                0.6572092317033962,
                -0.09161903339048105,
                0.7481189224010493,
                0.91551813347116,
                0.7537007339399404,
                0.08430278344842261,
                -0.6517885408966367,
                -1.1261480999643594,
                -0.003352276125561499,
                0.9922192272428967,
                0.12445790404597466,
                0.08915983175743684,
                0.0,
                0.0,
                0.0,
                1.0
            ],
            "fov": 39.33953629190312,
            "aspect": 1.7777777777777777,
            "frame_num": 936
        },
        {
            "camera_to_world": [
                0.6361545800741017,
                -0.09433682530603162,
                0.7657727190309173,
                0.9308672260451033,
                0.7715506787907221,
                0.08306982413077252,
                -0.6307210255409139,
                -1.104192499744002,
                -0.004112390701504867,
                0.9920685304817642,
                0.12563089435207148,
                0.08561128177297249,
                0.0,
                0.0,
                0.0,
                1.0
            ],
            "fov": 39.33953629190312,
            "aspect": 1.7777777777777777,
            "frame_num": 935
        },
        {
            "camera_to_world": [
                0.6146102493467269,
                -0.09709878355310252,
                0.7828320453331883,
                0.9449813683758521,
                0.7888151585739644,
                0.08192998948188498,
                -0.6091454507015155,
                -1.081663881644006,
                -0.004990143879486963,
                0.9918968214950024,
                0.12694800714230994,
                0.08331262490211952,
                0.0,
                0.0,
                0.0,
                1.0
            ],
            "fov": 39.33953629190312,
            "aspect": 1.7777777777777777,
            "frame_num": 934
        },
        {
            "camera_to_world": [
                0.5921933268664095,
                -0.09970100591071597,
                0.7996040999178071,
                0.9584181289270628,
                0.8057764210157645,
                0.08017532050166704,
                -0.5867677010541764,
                -1.058391555850854,
                -0.00560718995991428,
                0.991782047032141,
                0.12781601288852595,
                0.08186902529359476,
                0.0,
                0.0,
                0.0,
                1.0
            ],
            "fov": 39.33953629190312,
            "aspect": 1.7777777777777777,
            "frame_num": 933
        },
        {
            "camera_to_world": [
                0.5693032494206532,
                -0.10291090940800458,
                0.8156611419541725,
                0.9710893581504996,
                0.822105102711964,
                0.07860501650241081,
                -0.5638834180560114,
                -1.0345316742316177,
                -0.006085307269299762,
                0.9915798492740859,
                0.12935367831743205,
                0.08172451704358771,
                0.0,
                0.0,
                0.0,
                1.0
            ],
            "fov": 39.33953629190312,
            "aspect": 1.7777777777777777,
            "frame_num": 932
        },
        {
            "camera_to_world": [
                0.5211136196168656,
                -0.10794829491300498,
                0.8466331582481667,
                0.9941783800595847,
                0.853452212710032,
                0.07490575012921306,
                -0.5157601253498116,
                -0.9851443670239258,
                -0.0077422709615547055,
                0.9913305682550775,
                0.13116312068814748,
                0.08425036417418912,
                0.0,
                0.0,
                0.0,
                1.0
            ],
            "fov": 39.33953629190312,
            "aspect": 1.7777777777777777,
            "frame_num": 930
        },
        {
            "camera_to_world": [
                0.5455161050668956,
                -0.10571461557187385,
                0.8314063643833955,
                0.983008398368409,
                0.838071399093341,
                0.07705275879837188,
                -0.5400918996487662,
                -1.0100620793061268,
                -0.006966551701386839,
                0.9914067246944296,
                0.13062991974768248,
                0.08287913973870223,
                0.0,
                0.0,
                0.0,
                1.0
            ],
            "fov": 39.33953629190312,
            "aspect": 1.7777777777777777,
            "frame_num": 931
        },
        {
            "camera_to_world": [
                0.49645294847735555,
                -0.11064924438068698,
                0.8609826701137514,
                1.004681952571074,
                0.8680202255586821,
                0.07319874695097779,
                -0.491103745810175,
                -0.9600975293057786,
                -0.008682599568272678,
                0.9911602743602739,
                0.13238551861904763,
                0.08579632879739083,
                0.0,
                0.0,
                0.0,
                1.0
            ],
            "fov": 39.33953629190312,
            "aspect": 1.7777777777777777,
            "frame_num": 929
        },
        {
            "camera_to_world": [
                0.47137502403890685,
                -0.11326237413751453,
                0.8746297301642194,
                1.0144106962386743,
                0.8818807648047208,
                0.07131473867723143,
                -0.4660478327358282,
                -0.9348161079336911,
                -0.00958831208168789,
                0.9910024439595077,
                0.13349989843792923,
                0.08805863205578264,
                0.0,
                0.0,
                0.0,
                1.0
            ],
            "fov": 39.33953629190312,
            "aspect": 1.7777777777777777,
            "frame_num": 928
        },
        {
            "camera_to_world": [
                0.44581705280090017,
                -0.11486748473706485,
                0.8877232451345297,
                1.02358752936402,
                0.8950608417478765,
                0.06899777859905307,
                -0.44057400490825765,
                -0.909269621559805,
                -0.010643309646680867,
                0.9909817196947093,
                0.13357377637811982,
                0.0895256558101842,
                0.0,
                0.0,
                0.0,
                1.0
            ],
            "fov": 39.33953629190312,
            "aspect": 1.7777777777777777,
            "frame_num": 927
        },
        {
            "camera_to_world": [
                0.41989922362418347,
                -0.1166747703415639,
                0.9000397677523096,
                1.0324112100920761,
                0.9074996858916674,
                0.0663875157284991,
                -0.4147735231965094,
                -0.8836081145185695,
                -0.011357804249458214,
                0.9909488871680164,
                0.13375838608599783,
                0.09009933410252736,
                0.0,
                0.0,
                0.0,
                1.0
            ],
            "fov": 39.33953629190312,
            "aspect": 1.7777777777777777,
            "frame_num": 926
        },
        {
            "camera_to_world": [
                0.3939328712724252,
                -0.11893836478202054,
                0.9114112693422894,
                1.0409870679502284,
                0.919057836401828,
                0.06416755875668785,
                -0.3888640834977188,
                -0.857786850838659,
                -0.012232183600628459,
                0.9908260145075196,
                0.13458894904387583,
                0.09005263523867513,
                0.0,
                0.0,
                0.0,
                1.0
            ],
            "fov": 39.33953629190312,
            "aspect": 1.7777777777777777,
            "frame_num": 925
        },
        {
            "camera_to_world": [
                0.3673665778507928,
                -0.1206872252164414,
                0.9222127383190035,
                1.0489713244055865,
                0.9299830936376927,
                0.0616987126926847,
                -0.362387599240171,
                -0.831715219375756,
                -0.013163790674319678,
                0.990771347864269,
                0.1349031260258002,
                0.08959460311751294,
                0.0,
                0.0,
                0.0,
                1.0
            ],
            "fov": 39.33953629190312,
            "aspect": 1.7777777777777777,
            "frame_num": 924
        },
        {
            "camera_to_world": [
                0.3404983891729292,
                -0.12298405869840683,
                0.932167212385626,
                1.0561889331114502,
                0.9401386479092461,
                0.059451811524414006,
                -0.3355664799957877,
                -0.8053265054449591,
                -0.01414970749779075,
                0.9906262688924246,
                0.13586531457009443,
                0.08865605295123304,
                0.0,
                0.0,
                0.0,
                1.0
            ],
            "fov": 39.33953629190312,
            "aspect": 1.7777777777777777,
            "frame_num": 923
        },
        {
            "camera_to_world": [
                0.2849773960141148,
                -0.12699976823132123,
                0.9500836206357236,
                1.0679996177126867,
                0.958405011161704,
                0.054029391428084494,
                -0.2802511679279285,
                -0.7515596150906643,
                -0.015740612302014383,
                0.9904301514553663,
                0.1371143710837351,
                0.08647019081301234,
                0.0,
                0.0,
                0.0,
                1.0
            ],
            "fov": 39.33953629190312,
            "aspect": 1.7777777777777777,
            "frame_num": 921
        },
        {
            "camera_to_world": [
                0.31322405539030906,
                -0.12552737889780635,
                0.9413466480749666,
                1.0625248874948872,
                0.9495620938422189,
                0.056967806861407,
                -0.3083610815299243,
                -0.7786206568269755,
                -0.014918701519232034,
                0.9904532029901423,
                0.1370397299208454,
                0.08777372344803784,
                0.0,
                0.0,
                0.0,
                1.0
            ],
            "fov": 39.33953629190312,
            "aspect": 1.7777777777777777,
            "frame_num": 922
        },
        {
            "camera_to_world": [
                0.2566153811609949,
                -0.1287380775936104,
                0.9579013504005408,
                1.0726067482109831,
                0.9663719385261151,
                0.051145651430501024,
                -0.25201082606100716,
                -0.724349302641742,
                -0.016549105179965905,
                0.9903588394568669,
                0.13753362778833553,
                0.0842623056880021,
                0.0,
                0.0,
                0.0,
                1.0
            ],
            "fov": 39.33953629190312,
            "aspect": 1.7777777777777777,
            "frame_num": 920
        },
        {
            "camera_to_world": [
                0.22764242908243057,
                -0.12990140250739643,
                0.9650411875553001,
                1.0765357591323657,
                0.973587165948001,
                0.04819668839457453,
                -0.223170713159365,
                -0.6969898307264025,
                -0.017521606690191184,
                0.9903548384439168,
                0.1374419507099202,
                0.08115247062101201,
                0.0,
                0.0,
                0.0,
                1.0
            ],
            "fov": 39.33953629190312,
            "aspect": 1.7777777777777777,
            "frame_num": 919
        },
        {
            "camera_to_world": [
                0.19881420653401838,
                -0.13097661364918833,
                0.9712455825008014,
                1.0798045981705735,
                0.9798685407169061,
                0.04495240822029673,
                -0.19451730409256565,
                -0.6694043307016184,
                -0.018182616074573606,
                0.9903657954780989,
                0.1372770416528104,
                0.07733073747333952,
                0.0,
                0.0,
                0.0,
                1.0
            ],
            "fov": 39.33953629190312,
            "aspect": 1.7777777777777777,
            "frame_num": 918
        },
        {
            "camera_to_world": [
                0.169682661641114,
                -0.13197690195505082,
                0.9766216438615393,
                1.0820866073474729,
                0.985321546883744,
                0.041513326313315446,
                -0.1655842705934146,
                -0.6416630695383754,
                -0.018689519920172457,
                0.9903831290359356,
                0.1370837777104681,
                0.07332083982498663,
                0.0,
                0.0,
                0.0,
                1.0
            ],
            "fov": 39.33953629190312,
            "aspect": 1.7777777777777777,
            "frame_num": 917
        },
        {
            "camera_to_world": [
                0.14021484610142249,
                -0.13329434360303113,
                0.9811077201134809,
                1.0834906638657478,
                0.9899369098195386,
                0.0379866461333137,
                -0.13631576202115303,
                -0.6139660925720675,
                -0.019098877760632463,
