{
    "camera_type": "perspective",
    "render_height": 1080.0,
    "render_width": 1920.0,
    "fps": 30.0,
    "seconds": 6.0,
    "is_cycle": false,
    "smoothness_value": 0.0,
    "default_fov": 39.33953629190312,
    "default_transition_sec": 2.0,
    "camera_path": [
        {
            "camera_to_world": [
                0.999903421876614,
                -0.00984193676985946,
                -0.009813003353034073,
                0.1650244387611826,
                -0.009296028291090228,
                0.05126481189753182,
                -0.998641825513359,
                -1.302785866618911,
                0.010331631446225868,
                0.9986366004760343,
                0.051168368855265246,
                0.0645977551323266,
                0.0,
                0.0,
                0.0,
                1.0
            ],
            "fov": 39.33953629190312,
            "aspect": 1.7777777777777777,
            "frame_num": 972
        },
        {
            "camera_to_world": [
                0.9999393192457109,
                -0.010199073055986352,
                -0.004165161458314961,
                0.17084773625808583,
                -0.0036337287501431153,
                0.051581251320847524,
                -0.9986621867644125,
                -1.3026464497165062,
                0.010400272819755812,
                0.9986167222162495,
                0.051541059606185796,
                0.06575948064232363,
                0.0,
                0.0,
                0.0,
                1.0
            ],
            "fov": 39.33953629190312,
            "aspect": 1.7777777777777777,
            "frame_num": 971
        },
        {
            "camera_to_world": [
                0.9999339074188615,
                -0.010842623714450309,
                0.0038249365727024624,
                0.17877939766372417,
                0.004381506987608996,
                0.051781653122772366,
                -0.9986488149204016,
                -1.3021292781129497,
                0.010629911771411052,
                0.998599570588787,
                0.051825736710650376,
                0.06644683426856415,
                0.0,
                0.0,
                0.0,
                1.0
            ],
            "fov": 39.33953629190312,
            "aspect": 1.7777777777777777,
            "frame_num": 970
        },
        {
            "camera_to_world": [
                0.999827679134745,
                -0.011519801653482485,
                0.014557405010661282,
                0.18915758289123757,
                0.015140352244218233,
                0.05224854764565356,
                -0.9985193296818908,
                -1.3013312608161491,
                0.010742141354342077,
                0.9985676681670511,
                0.05241395692485625,
                0.06685705382903791,
                0.0,
                0.0,
                0.0,
                1.0
            ],
            "fov": 39.33953629190312,
            "aspect": 1.7777777777777777,
            "frame_num": 969
        },
        {
            "camera_to_world": [
                0.9995307479510165,
                -0.012592321242343675,
                0.027923631228082002,
                0.20191438038357398,
                0.028550777204258193,
                0.05273015553660751,
                -0.9982005693064145,
                -1.3000259121132567,
                0.0110972448278742,
                0.9985294029788301,
                0.05306493130073242,
                0.06713270472694408,
                0.0,
                0.0,
                0.0,
                1.0
            ],
            "fov": 39.33953629190312,
            "aspect": 1.7777777777777777,
            "frame_num": 968
        },
        {
            "camera_to_world": [
                0.9989685690299772,
                -0.013695899362633143,
                0.04329240424830697,
                0.2162638753861302,
                0.043968334464185084,
                0.05365634344875598,
                -0.9975909858843387,
                -1.2984105432034196,
                0.01133999366563619,
                0.9984655345177654,
                0.05420318545801126,
                0.0674597611078907,
                0.0,
                0.0,
                0.0,
                1.0
            ],
            "fov": 39.33953629190312,
            "aspect": 1.7777777777777777,
            "frame_num": 967
        },
        {
            "camera_to_world": [
                0.9980583913179113,
                -0.015255135316626919,
                0.06038824555428755,
                0.23233512236085244,
                0.061134053518674326,
                0.054380935019956736,
                -0.9966470459256191,
                -1.296318682776598,
                0.01192001633812294,
                0.9984037255666192,
                0.05520795572354649,
                0.06794741855472135,
                0.0,
                0.0,
                0.0,
                1.0
            ],
            "fov": 39.33953629190312,
            "aspect": 1.7777777777777777,
            "frame_num": 966
        },
        {
            "camera_to_world": [
                0.9967555810549508,
                -0.01648956673672397,
                0.07878082037776364,
                0.24965814423673455,
                0.07957256493823715,
                0.0546778352248851,
                -0.9953283548607477,
                -1.2934989071459415,
                0.012104968683494996,
                0.9983678845981602,
                0.05581255348168565,
                0.06768555344372312,
                0.0,
                0.0,
                0.0,
                1.0
            ],
            "fov": 39.33953629190312,
            "aspect": 1.7777777777777777,
            "frame_num": 965
        },
        {
            "camera_to_world": [
                0.9949493402997235,
                -0.01796384094920071,
                0.09875789836892684,
                0.26834477987211997,
                0.09961029342205276,
                0.05521535703688467,
                -0.9934933550543729,
                -1.290136186302667,
                0.012394004083375902,
                0.9983128614014493,
                0.05672586546904028,
                0.0668280946555641,
                0.0,
                0.0,
                0.0,
                1.0
            ],
            "fov": 39.33953629190312,
            "aspect": 1.7777777777777777,
            "frame_num": 964
        },
        {
            "camera_to_world": [
                0.9893709877833475,
                -0.0217886863298098,
                0.14377174101809817,
                0.30967857735587595,
                0.14478997630694318,
                0.05615557643833545,
                -0.9878676058771466,
                -1.2802635709581194,
                0.013450752542913747,
                0.9981842559661984,
                0.05871348045564994,
                0.06439290261667731,
                0.0,
                0.0,
                0.0,
                1.0
            ],
            "fov": 39.33953629190312,
            "aspect": 1.7777777777777777,
            "frame_num": 962
        },
        {
            "camera_to_world": [
                0.9925233505435267,
                -0.019777801662635902,
                0.12044189064439256,
                0.28840674361462293,
                0.12137077874307342,
                0.05559173361448424,
                -0.9910492853367933,
                -1.2856408384297393,
                0.012905202813296683,
                0.9982576832611404,
                0.0575765398441783,
                0.06577758758424286,
                0.0,
                0.0,
                0.0,
                1.0
            ],
            "fov": 39.33953629190312,
            "aspect": 1.7777777777777777,
            "frame_num": 963
        },
        {
            "camera_to_world": [
                0.9853517756757346,
                -0.023990927277138384,
                0.16883816338674848,
                0.33208808638773407,
                0.16995792979990243,
                0.0568337134953069,
                -0.9838110712194679,
                -1.273782707948571,
                0.014006840221180459,
                0.998095370641477,
                0.06007864779645282,
                0.06309013615081885,
                0.0,
                0.0,
                0.0,
                1.0
            ],
            "fov": 39.33953629190312,
            "aspect": 1.7777777777777777,
            "frame_num": 961
        },
        {
            "camera_to_world": [
                0.980413788527364,
                -0.026631501841833063,
                0.1951398939474441,
                0.35533379396675224,
                0.19639396027070002,
                0.05788062796704536,
                -0.9788152215923409,
                -1.2663552460938696,
                0.0147724999636085,
                0.9979682362154019,
                0.06197723081845906,
                0.06232882586298266,
                0.0,
                0.0,
                0.0,
                1.0
            ],
            "fov": 39.33953629190312,
            "aspect": 1.7777777777777777,
            "frame_num": 960
        },
        {
            "camera_to_world": [
                0.9747945282415177,
                -0.02895318463192087,
                0.2212178850021342,
                0.3783944009815091,
                0.22259116418165092,
                0.05898506538147971,
                -0.9731258543660897,
                -1.2580425553316341,
                0.015126541338961682,
                0.997838904654722,
                0.06394304101748904,
                0.06210658786010724,
                0.0,
                0.0,
                0.0,
                1.0
            ],
            "fov": 39.33953629190312,
            "aspect": 1.7777777777777777,
            "frame_num": 959
        },
        {
            "camera_to_world": [
                0.9684156122309512,
                -0.031075522073177365,
                0.24739750554518922,
                0.40112625736132596,
                0.2488716970485047,
                0.059583194621165285,
                -0.9667019778982902,
                -1.2489251585186203,
                0.015300035176348108,
                0.9977395247903972,
                0.06543511278063799,
                0.06216501762261823,
                0.0,
                0.0,
                0.0,
                1.0
            ],
            "fov": 39.33953629190312,
            "aspect": 1.7777777777777777,
            "frame_num": 958
        },
        {
            "camera_to_world": [
                0.9614262691639033,
                -0.033018179489566195,
                0.27307387392338206,
                0.4235448034155676,
                0.2746398749979233,
                0.06019986307681133,
                -0.9596608298207187,
                -1.239302698584286,
                0.015247243981117223,
                0.9976401058460336,
                0.06694583742455285,
                0.06199557177983407,
                0.0,
                0.0,
                0.0,
                1.0
            ],
            "fov": 39.33953629190312,
            "aspect": 1.7777777777777777,
            "frame_num": 957
        },
        {
            "camera_to_world": [
                0.9537931035940133,
                -0.034923995992069044,
                0.29842761580523414,
                0.4456332047908139,
                0.30008484613544556,
                0.060829591403101214,
                -0.9519710282750888,
                -1.2290690178748958,
                0.015093402743279622,
                0.9975370067315176,
                0.06849900572076083,
                0.06159283653339426,
                0.0,
                0.0,
                0.0,
                1.0
            ],
            "fov": 39.33953629190312,
            "aspect": 1.7777777777777777,
            "frame_num": 956
        },
        {
            "camera_to_world": [
                0.9455401619955431,
                -0.03650782927054081,
                0.3234516846302485,
                0.46729761306906725,
                0.32516843202756907,
                0.06073151375530635,
                -0.9437039614175904,
                -1.218071988006534,
                0.014808872997812684,
                0.9974862736524003,
                0.06929527794563616,
                0.06078914615629376,
                0.0,
                0.0,
                0.0,
                1.0
            ],
            "fov": 39.33953629190312,
            "aspect": 1.7777777777777777,
            "frame_num": 955
        },
        {
            "camera_to_world": [
                0.9363920302378351,
                -0.03843113431520255,
                0.34884527437972046,
                0.48866944094800746,
                0.3506444750784615,
                0.060589609491850854,
                -0.9345465981234469,
                -1.2065202189766218,
                0.014779287242380007,
                0.9974226544569257,
                0.07021129136176778,
                0.059297370243756496,
                0.0,
                0.0,
                0.0,
                1.0
            ],
            "fov": 39.33953629190312,
            "aspect": 1.7777777777777777,
            "frame_num": 954
        },
        {
            "camera_to_world": [
                0.9266824349177031,
                -0.04067852526409038,
                0.37363743687174433,
                0.5097457988622586,
                0.37555061486350144,
                0.060860386240357695,
                -0.9248014607513618,
                -1.1942412974147718,
                0.014879841243873647,
                0.99731703858783,
                0.07167509509542165,
                0.05762377095269986,
                0.0,
                0.0,
                0.0,
                1.0
            ],
            "fov": 39.33953629190312,
            "aspect": 1.7777777777777777,
            "frame_num": 953
        },
        {
            "camera_to_world": [
                0.9161386976751368,
                -0.0432927194613322,
                0.3985167987657444,
                0.5305321160028836,
                0.4005766793966611,
                0.061406230790132924,
                -0.9142032550200341,
                -1.1811537754620722,
                0.015106930938372932,
                0.9971735153685316,
                0.07359867712919865,
                0.056409933453924824,
                0.0,
                0.0,
                0.0,
                1.0
            ],
            "fov": 39.33953629190312,
            "aspect": 1.7777777777777777,
            "frame_num": 952
        },
        {
            "camera_to_world": [
                0.9047767421006553,
                -0.045653596741797794,
                0.4234321762608649,
                0.5510621439837723,
                0.4256142840805421,
                0.061404414742605024,
                -0.9028189030931166,
                -1.1674313240320207,
                0.015216325599749,
                0.9970683283741947,
                0.07498810824598082,
                0.05555371752651964,
                0.0,
                0.0,
                0.0,
                1.0
            ],
            "fov": 39.33953629190312,
            "aspect": 1.7777777777777777,
            "frame_num": 951
        },
        {
            "camera_to_world": [
                0.8927331601158973,
                -0.04819277263730311,
                0.44800108630422186,
                0.5712551909950138,
                0.4503233728139334,
                0.06150218269193718,
                -0.8907448198935216,
                -1.1533281585032453,
                0.01537441838676606,
                0.9969427981001743,
                0.07660736887169503,
                0.05454587323640766,
                0.0,
                0.0,
                0.0,
                1.0
            ],
            "fov": 39.33953629190312,
            "aspect": 1.7777777777777777,
            "frame_num": 950
        },
        {
            "camera_to_world": [
                0.8799755435453758,
                -0.05054384023806711,
                0.4723223208898347,
                0.5910828836476661,
                0.4747703969187198,
                0.061418774711028495,
                -0.8779640067042438,
                -1.1386305004192336,
                0.015366214757811789,
                0.9968315097461824,
                0.07804373780863588,
                0.05366336040951094,
                0.0,
                0.0,
                0.0,
                1.0
            ],
            "fov": 39.33953629190312,
            "aspect": 1.7777777777777777,
            "frame_num": 949
        },
        {
            "camera_to_world": [
                0.8666611141558447,
                -0.05295909900303552,
                0.4960784805629919,
                0.6104684795549012,
                0.4986612915462991,
                0.06137260724059203,
                -0.8646214848934769,
                -1.1235535834058326,
                0.015343945581899306,
                0.9967089552176336,
                0.0795979039481113,
                0.052774375525118586,
                0.0,
                0.0,
                0.0,
                1.0
            ],
            "fov": 39.33953629190312,
            "aspect": 1.7777777777777777,
            "frame_num": 948
        },
        {
            "camera_to_world": [
                0.8526152142531979,
                -0.05551854770033765,
                0.5195815615665836,
                0.6293417573144419,
                0.5223151450607367,
                0.06142874229594046,
                -0.8505371194754833,
                -1.1078850063790933,
                0.01530334432792498,
                0.9965662070234409,
                0.08137325765430153,
                0.05233747719974317,
                0.0,
                0.0,
                0.0,
                1.0
            ],
            "fov": 39.33953629190312,
            "aspect": 1.7777777777777777,
            "frame_num": 947
        },
        {
            "camera_to_world": [
                0.8378501262455476,
                -0.05734328776162991,
                0.5428802125089448,
                0.6478094439582661,
                0.5456913563240126,
                0.060462949470262546,
                -0.835802110621975,
                -1.0917692907159253,
                0.015103502645424309,
                0.9965219433564243,
                0.08195062542137713,
                0.05157819113081924,
                0.0,
                0.0,
                0.0,
                1.0
            ],
            "fov": 39.33953629190312,
            "aspect": 1.7777777777777777,
            "frame_num": 946
        },
        {
            "camera_to_world": [
                0.8224971237814236,
                -0.059147715995557335,
                0.5656854610987847,
                0.665748747254214,
                0.5685732480031787,
                0.05939411556482846,
                -0.8204857058090166,
                -1.075361172451385,
                0.014931468441801472,
                0.996480753065736,
                0.082481297332758,
                0.04955432720827862,
                0.0,
                0.0,
                0.0,
                1.0
            ],
            "fov": 39.33953629190312,
            "aspect": 1.7777777777777777,
            "frame_num": 945
        },
        {
            "camera_to_world": [
                0.8062682014227722,
                -0.06234474290686196,
                0.5882556691109025,
                0.6833575472300993,
                0.5913565812335622,
                0.059508245984533664,
                -0.8042115115049832,
                -1.058437697009786,
                0.015132297478639038,
                0.9962790302904261,
                0.08484757961524826,
                0.047603926760683646,
                0.0,
                0.0,
                0.0,
                1.0
            ],
            "fov": 39.33953629190312,
            "aspect": 1.7777777777777777,
            "frame_num": 944
        },
        {
            "camera_to_world": [
                0.7892137073758969,
                -0.06534258173339484,
                0.6106325269236459,
                0.7006178781584769,
                0.6139240013997507,
                0.05891282269077323,
                -0.7871636377357991,
                -1.0408425507014287,
                0.015461219182909694,
                0.9961222971313376,
                0.08661018559699118,
                0.04703219142743041,
                0.0,
                0.0,
                0.0,
                1.0
            ],
            "fov": 39.33953629190312,
            "aspect": 1.7777777777777777,
            "frame_num": 943
        },
        {
            "camera_to_world": [
                0.7714941884205324,
                -0.0680409773373343,
                0.6325876654433552,
                0.7177861324568972,
                0.6360450218559958,
                0.05809786696856518,
                -0.7694617344426169,
                -1.023088241578948,
                0.015602935060406414,
                0.9959894917949744,
                0.08809929081138497,
                0.04743034410802098,
                0.0,
                0.0,
                0.0,
                1.0
            ],
            "fov": 39.33953629190312,
            "aspect": 1.7777777777777777,
            "frame_num": 942
        },
        {
            "camera_to_world": [
                0.7532830397053931,
                -0.06986234344266927,
                0.653975478818321,
                0.7350196119498252,
                0.6575144764465122,
                0.056602417901874286,
                -0.751312765961329,
                -1.0057627240132625,
                0.015471877819938366,
                0.9959495086431147,
                0.08857314277049828,
                0.04777175438950949,
                0.0,
                0.0,
                0.0,
                1.0
            ],
            "fov": 39.33953629190312,
            "aspect": 1.7777777777777777,
            "frame_num": 941
        },
        {
            "camera_to_world": [
                0.7167285983150951,
                -0.07320066356390825,
                0.6934996691029005,
                0.7690770250108447,
                0.6971927062993348,
                0.05394787729277674,
                -0.7148509981556611,
                -0.9715518594716137,
                0.014914733086705885,
                0.9958570649952689,
                0.08970095443160446,
                0.04465602894896471,
                0.0,
                0.0,
                0.0,
                1.0
            ],
            "fov": 39.33953629190312,
            "aspect": 1.7777777777777777,
            "frame_num": 939
        },
        {
            "camera_to_world": [
                0.7350042152683269,
                -0.0716241620739287,
                0.6742690818803342,
                0.7523697910355152,
                0.6778908399887802,
                0.055242387667349645,
                -0.7330840882256605,
                -0.9887955845643199,
                0.015258300238549887,
                0.995900729251131,
                0.08915675039432201,
                0.046812652060187754,
                0.0,
                0.0,
                0.0,
                1.0
            ],
            "fov": 39.33953629190312,
            "aspect": 1.7777777777777777,
            "frame_num": 940
        },
        {
            "camera_to_world": [
                0.6980149828559148,
                -0.07444733436049734,
                0.7122027028522314,
                0.7848132645325344,
                0.7159355169264656,
                0.05235857961587925,
                -0.6962003357435088,
                -0.9535590086676509,
                0.014540338000943278,
                0.9958494756030375,
                0.0898465631059601,
                0.04106108849736521,
                0.0,
                0.0,
                0.0,
                1.0
            ],
            "fov": 39.33953629190312,
            "aspect": 1.7777777777777777,
            "frame_num": 938
        },
        {
            "camera_to_world": [
                0.6783981445426333,
                -0.07687455208113685,
                0.7306615307775458,
                0.7999549534226325,
                0.7345494938173283,
                0.05121428140817888,
                -0.6766196355841899,
                -0.9349786845392027,
                0.014594526927346294,
                0.9957245628865227,
                0.0912118360641314,
                0.03739459449300456,
                0.0,
                0.0,
                0.0,
                1.0
            ],
            "fov": 39.33953629190312,
            "aspect": 1.7777777777777777,
            "frame_num": 937
        },
        {
            "camera_to_world": [
                0.6581918933553059,
                -0.07883572243485913,
                0.7487111407106761,
                0.8144774445284092,
                0.7527082318664943,
                0.04959741827049318,
                -0.6564833634806366,
                -0.9156761673831232,
                0.014620201400262238,
                0.9956530668276429,
                0.09198491516387095,
                0.03449845630288429,
                0.0,
                0.0,
                0.0,
                1.0
            ],
            "fov": 39.33953629190312,
            "aspect": 1.7777777777777777,
            "frame_num": 936
        },
        {
            "camera_to_world": [
                0.637154846952102,
                -0.08155697858670687,
                0.7664086195261649,
                0.8282484935586202,
                0.7705945738646341,
                0.04837316929983254,
                -0.6354872398150927,
                -0.8958725473674456,
                0.014754806107179694,
                0.9954940985520963,
                0.09366856374829467,
                0.031827558411151355,
                0.0,
                0.0,
                0.0,
                1.0
            ],
            "fov": 39.33953629190312,
            "aspect": 1.7777777777777777,
            "frame_num": 935
        },
        {
            "camera_to_world": [
                0.6156258228113303,
                -0.08432253204670441,
                0.783514242826418,
                0.8409256134866708,
                0.7879004116927344,
                0.04724276710998951,
                -0.6139878296479033,
                -0.8755928452444356,
                0.014757628361854873,
                0.9953179572698071,
                0.09552162441757239,
                0.030310578824379313,
                0.0,
                0.0,
                0.0,
                1.0
            ],
            "fov": 39.33953629190312,
            "aspect": 1.7777777777777777,
            "frame_num": 934
        },
        {
            "camera_to_world": [
                0.5932271695861117,
                -0.08692851723817893,
                0.8003280389879969,
                0.8530051966512927,
                0.8048949486978038,
                0.045495756999897115,
                -0.5916707280247164,
                -0.8546719400872017,
                0.015021529938018446,
                0.9951751471505418,
                0.09695764292823181,
                0.02959213051478755,
                0.0,
                0.0,
                0.0,
                1.0
            ],
            "fov": 39.33953629190312,
            "aspect": 1.7777777777777777,
            "frame_num": 933
        },
        {
            "camera_to_world": [
                0.5703562662384469,
                -0.09014298449191385,
                0.8164361479896509,
                0.8644129701551037,
                0.821252894455783,
                0.04393665845531472,
                -0.5688701487486507,
                -0.833263867064935,
                0.015408177668996303,
                0.9949592036428736,
                0.09908973477227195,
                0.030066815672381408,
                0.0,
                0.0,
                0.0,
                1.0
            ],
            "fov": 39.33953629190312,
            "aspect": 1.7777777777777777,
            "frame_num": 932
        },
        {
            "camera_to_world": [
                0.522194369047732,
                -0.09518843312148273,
                0.8474976194476707,
                0.8852393229284146,
                0.8526862468083987,
                0.04025335280537268,
                -0.5208702572016038,
                -0.7890375921732689,
                0.015466203856504103,
                0.9946450795704805,
                0.10218594137395547,
                0.033620693254506895,
                0.0,
                0.0,
                0.0,
                1.0
            ],
            "fov": 39.33953629190312,
            "aspect": 1.7777777777777777,
            "frame_num": 930
        },
        {
            "camera_to_world": [
                0.5465827092064462,
                -0.09295089120012127,
                0.8322304282206909,
                0.8751609443306035,
                0.8372636768643795,
                0.04239417703228596,
                -0.5451534296900526,
                -0.8113487524279137,
                0.01539077389939434,
                0.9947677468153348,
                0.1009963284713845,
                0.031735212973417734,
                0.0,
                0.0,
                0.0,
                1.0
            ],
            "fov": 39.33953629190312,
            "aspect": 1.7777777777777777,
            "frame_num": 931
        },
        {
            "camera_to_world": [
                0.4975446008110154,
                -0.09789377713223463,
                0.8618968560317077,
                0.8947214350763787,
                0.8673025331607706,
                0.038556020562649,
                -0.4962859478131691,
                -0.7666154448135192,
                0.015351993972147348,
                0.9944497203001648,
                0.1040868601985045,
                0.03567471115265464,
                0.0,
                0.0,
                0.0,
                1.0
            ],
            "fov": 39.33953629190312,
            "aspect": 1.7777777777777777,
            "frame_num": 929
        },
        {
            "camera_to_world": [
                0.4724770418159613,
                -0.10051140322421459,
                0.8755928931949415,
                0.9035162593919461,
                0.8812109789644578,
                0.03668126894728133,
                -0.4712978758772967,
                -0.7440045952576316,
                0.015252953359636341,
                0.994259496741108,
                0.10590280895192035,
                0.038387884009046414,
                0.0,
                0.0,
                0.0,
                1.0
            ],
            "fov": 39.33953629190312,
            "aspect": 1.7777777777777777,
            "frame_num": 928
        },
        {
            "camera_to_world": [
                0.4469265968972389,
                -0.10211996457957133,
                0.8887227586007179,
                0.9118067008173861,
                0.8944450803250035,
                0.034368037519017035,
                -0.44585516597323516,
                -0.721130346935884,
                0.014987057581875518,
                0.9941782311841599,
                0.10670068947552533,
                0.04040200941054757,
                0.0,
                0.0,
                0.0,
                1.0
            ],
            "fov": 39.33953629190312,
            "aspect": 1.7777777777777777,
            "frame_num": 927
        },
        {
            "camera_to_world": [
                0.4210196048620525,
                -0.10393125882430705,
                0.9010775757923095,
                0.9197699274802019,
                0.9069268351025317,
                0.03176230642875323,
                -0.4200891148396518,
                -0.6981244596433487,
                0.015040089395558665,
                0.9940771870725166,
                0.1076306008667887,
                0.04162207768987542,
                0.0,
                0.0,
                0.0,
                1.0
            ],
            "fov": 39.33953629190312,
            "aspect": 1.7777777777777777,
            "frame_num": 926
        },
        {
            "camera_to_world": [
                0.39506079301744046,
                -0.10619941369673293,
                0.9124958444758263,
                0.9275037092666105,
                0.9185340831603038,
                0.029550243966154587,
                -0.3942358607482742,
                -0.6749554591657265,
                0.014903143410317883,
                0.9939056656147274,
                0.10922192346510284,
                0.04229325943871807,
                0.0,
                0.0,
                0.0,
                1.0
            ],
            "fov": 39.33953629190312,
            "aspect": 1.7777777777777777,
            "frame_num": 925
        },
        {
            "camera_to_world": [
                0.3685004531059617,
                -0.10795236350819783,
                0.9233383535348487,
                0.934701844760184,
                0.9295114211819547,
                0.02708654989160312,
                -0.36779726678267216,
                -0.651548289893311,
                0.014694534836239469,
                0.9937870046223791,
                0.11032436031813628,
                0.042609959687627576,
                0.0,
                0.0,
                0.0,
                1.0
            ],
            "fov": 39.33953629190312,
            "aspect": 1.7777777777777777,
            "frame_num": 924
        },
        {
            "camera_to_world": [
                0.3416364476669876,
                -0.11025407650277279,
                0.9333426959454673,
                0.9412064360610549,
                0.9397217277275851,
                0.02484837009035444,
                -0.3410361061325724,
                -0.6278407435237975,
                0.014408577192074888,
                0.9935927745546472,
                0.11209725976167922,
                0.04251419742513012,
                0.0,
                0.0,
                0.0,
                1.0
            ],
            "fov": 39.33953629190312,
            "aspect": 1.7777777777777777,
            "frame_num": 923
        },
        {
            "camera_to_world": [
                0.28612589769001373,
                -0.11427972328706802,
                0.951352788060909,
                0.9518565297641121,
                0.9580872694825412,
                0.019440100513190898,
                -0.28581612846908655,
                -0.5795255566663748,
                0.014168595255677173,
                0.9932583912882994,
                0.11505226392314007,
                0.042106839093106,
                0.0,
                0.0,
                0.0,
                1.0
            ],
            "fov": 39.33953629190312,
            "aspect": 1.7777777777777777,
            "frame_num": 921
        },
        {
            "camera_to_world": [
                0.31436804865195095,
                -0.11280295247737906,
                0.9425753209870815,
                0.9469203555070191,
                0.9491931794599486,
                0.02237445508569818,
                -0.31389757019107806,
                -0.6038495503753255,
                0.014318964505493198,
                0.9933654323567545,
                0.11410560654125856,
                0.042488991069249776,
                0.0,
                0.0,
                0.0,
                1.0
            ],
            "fov": 39.33953629190312,
            "aspect": 1.7777777777777777,
            "frame_num": 922
        },
        {
            "camera_to_world": [
                0.2577673172031116,
                -0.11602292944699145,
                0.9592156701488975,
                0.9560034346091442,
                0.966105550980105,
                0.016562339624668156,
                -0.25761550034327707,
                -0.5550383826918933,
                0.014002450334084742,
                0.993108439836295,
                0.11635962573221559,
                0.040927740510032284,
                0.0,
                0.0,
                0.0,
                1.0
            ],
            "fov": 39.33953629190312,
            "aspect": 1.7777777777777777,
            "frame_num": 920
        },
        {
            "camera_to_world": [
                0.22879468132087644,
                -0.11719043341444485,
                0.966395057908599,
                0.9595312501934574,
                0.9733789385977468,
                0.013616472448372057,
                -0.2287969106389312,
                -0.5303883714474061,
                0.01365391846521986,
                0.9930161119118486,
                0.11718607589641342,
                0.03895167043140535,
                0.0,
                0.0,
                0.0,
                1.0
            ],
            "fov": 39.33953629190312,
            "aspect": 1.7777777777777777,
            "frame_num": 919
        },
        {
            "camera_to_world": [
                0.19996939834685784,
                -0.11827006306840562,
                0.9726378790389264,
                0.9624583692854615,
                0.9797079968911008,
                0.010374858834140372,
                -0.20016142454861366,
                -0.5055125242054219,
                0.013582124644443628,
                0.9929272677313054,
                0.11794478062113324,
                0.0363514004997466,
                0.0,
                0.0,
                0.0,
                1.0
            ],
            "fov": 39.33953629190312,
            "aspect": 1.7777777777777777,
            "frame_num": 918
        },
        {
            "camera_to_world": [
                0.17084159703032797,
                -0.11927497374163966,
                0.978052473642293,
                0.9644973622839729,
                0.9852040975492351,
                0.006938265978558679,
                -0.17124467694775156,
                -0.4804900880278961,
                0.013639217180488045,
                0.9928370186580752,
                0.11869553709734865,
                0.03359849969392996,
                0.0,
                0.0,
                0.0,
                1.0
            ],
            "fov": 39.33953629190312,
            "aspect": 1.7777777777777777,
            "frame_num": 917
        },
        {
            "camera_to_world": [
                0.14137759712264897,
                -0.12059780318981739,
                0.9825825953742342,
                0.9657471275129375,
                0.9898599845925826,
                0.0034162696670424295,
                -0.14200539690260194,
                -0.45550450414295757,
