{
    "camera_type": "perspective",
    "render_height": 1080.0,
    "render_width": 1920.0,
    "fps": 30.0,
    "seconds": 6.0,
    "is_cycle": false,
    "smoothness_value": 0.0,
    "default_fov": 39.33953629190312,
    "default_transition_sec": 2.0,
    "camera_path": [
        {
            "camera_to_world": [
                0.9999015018033149,
                -0.00998982160699863,
                -0.009859628251642017,
                0.1457189765431264,
                -0.00967598523963383,
                0.018267500571797494,
                -0.9997863027091048,
                -1.096836744403229,
                0.010167797518623104,
                0.9997832270900472,
                0.018169038273178593,
                0.028229779547543146,
                0.0,
                0.0,
                0.0,
                1.0
            ],
            "fov": 39.33953629190312,
            "aspect": 1.7777777777777777,
            "frame_num": 972
        },
        {
            "camera_to_world": [
                0.9999376096889875,
                -0.010346942566615997,
                -0.004211843126551133,
                0.15102136844509312,
                -0.004019040237762657,
                0.018584439456096436,
                -0.9998192052955924,
                -1.0967450213999341,
                0.010423346591594723,
                0.9997737537433434,
                0.01854169357197236,
                0.029292020206543087,
                0.0,
                0.0,
                0.0,
                1.0
            ],
            "fov": 39.33953629190312,
            "aspect": 1.7777777777777777,
            "frame_num": 971
        },
        {
            "camera_to_world": [
                0.9999324759751933,
                -0.010990482831086359,
                0.003778212644100671,
                0.1582436608284701,
                0.003984244777524659,
                0.018785326539976794,
                -0.999815590322825,
                -1.096295335708601,
                0.010917481088122417,
                0.9997631319863731,
                0.018827845235955074,
                0.02993418718560575,
                0.0,
                0.0,
                0.0,
                1.0
            ],
            "fov": 39.33953629190312,
            "aspect": 1.7777777777777777,
            "frame_num": 970
        },
        {
            "camera_to_world": [
                0.999826650422308,
                -0.011667637769245788,
                0.014510597772608881,
                0.16769374306166268,
                0.014733524320790217,
                0.01925304953933641,
                -0.9997060671501219,
                -1.0955818250657139,
                0.01138483499345515,
                0.9997465606838163,
                0.019421615838874,
                0.03033291475966531,
                0.0,
                0.0,
                0.0,
                1.0
            ],
            "fov": 39.33953629190312,
            "aspect": 1.7777777777777777,
            "frame_num": 969
        },
        {
            "camera_to_world": [
                0.9995301889251439,
                -0.012740132825738864,
                0.027876738625129783,
                0.17930976517691244,
                0.02812492801210303,
                0.019735705319522637,
                -0.9994095595460826,
                -1.0944026529479427,
                0.012182443442689771,
                0.9997240570476171,
                0.020084746967773213,
                0.030624748087142287,
                0.0,
                0.0,
                0.0,
                1.0
            ],
            "fov": 39.33953629190312,
            "aspect": 1.7777777777777777,
            "frame_num": 968
        },
        {
            "camera_to_world": [
                0.9989685748300803,
                -0.013843665232891036,
                0.04324536447300308,
                0.19237606088189263,
                0.04352609084282156,
                0.02066354541149936,
                -0.9988385628614912,
                -1.0929429473395733,
                0.012933984163670177,
                0.9996906372050792,
                0.021244791523971494,
                0.030972900064391056,
                0.0,
                0.0,
                0.0,
                1.0
            ],
            "fov": 39.33953629190312,
            "aspect": 1.7777777777777777,
            "frame_num": 967
        },
        {
            "camera_to_world": [
                0.9980589795004211,
                -0.015402863641601226,
                0.060341091668456436,
                0.20701013485607614,
                0.06066334272159479,
                0.02138985108562775,
                -0.9979290608418099,
                -1.091054494207619,
                0.01408027834091777,
                0.9996525523183336,
                0.022282720525645186,
                0.03148176920304804,
                0.0,
                0.0,
                0.0,
                1.0
            ],
            "fov": 39.33953629190312,
            "aspect": 1.7777777777777777,
            "frame_num": 966
        },
        {
            "camera_to_world": [
                0.9967568605547175,
                -0.016637278095318935,
                0.07873362704847094,
                0.22278417131432543,
                0.07908575352837033,
                0.021687826950416544,
                -0.9966318573592048,
                -1.088481099040941,
                0.01487368017855273,
                0.9996263494105242,
                0.022933260362964086,
                0.03133056676294754,
                0.0,
                0.0,
                0.0,
                1.0
            ],
            "fov": 39.33953629190312,
            "aspect": 1.7777777777777777,
            "frame_num": 965
        },
        {
            "camera_to_world": [
                0.9949513578649984,
                -0.01811152307693424,
                0.09871063938580396,
                0.23979998025441362,
                0.09910309542708509,
                0.022226937082751055,
                -0.9948288883506196,
                -1.0853957309159716,
                0.01582383131783901,
                0.9995888831406239,
                0.02390962761829749,
                0.030653834529902925,
                0.0,
                0.0,
                0.0,
                1.0
            ],
            "fov": 39.33953629190312,
            "aspect": 1.7777777777777777,
            "frame_num": 964
        },
        {
            "camera_to_world": [
                0.989374608704324,
                -0.021936312462177237,
                0.1437244028001251,
                0.2774381621763536,
                0.1442235055063148,
                0.023171057844504368,
                -0.989273804308027,
                -1.0763393262994336,
                0.01837077302367946,
                0.9994908201571392,
                0.02608858656314153,
                0.028740012183462737,
                0.0,
                0.0,
                0.0,
                1.0
            ],
            "fov": 39.33953629190312,
            "aspect": 1.7777777777777777,
            "frame_num": 962
        },
        {
            "camera_to_world": [
                0.9925261400186597,
                -0.0199254608182778,
                0.12039459914948113,
                0.25806819438693296,
                0.12083494755580795,
                0.022605009866927307,
                -0.9924151884822912,
                -1.0812738353339582,
                0.017052809006813812,
                0.9995458913132624,
                0.02484375359107143,
                0.029835649084895235,
                0.0,
                0.0,
                0.0,
                1.0
            ],
            "fov": 39.33953629190312,
            "aspect": 1.7777777777777777,
            "frame_num": 963
        },
        {
            "camera_to_world": [
                0.9853562946651143,
                -0.02413851360757543,
                0.16879077829721106,
                0.29784409597365297,
                0.16935955623263804,
                0.023851856498730114,
                -0.9852656530126723,
                -1.070402967396367,
                0.019756875183332082,
                0.9994240443429516,
                0.027590663292290693,
                0.027752258357089186,
                0.0,
                0.0,
                0.0,
                1.0
            ],
            "fov": 39.33953629190312,
            "aspect": 1.7777777777777777,
            "frame_num": 961
        },
        {
            "camera_to_world": [
                0.9804192235896966,
                -0.02677902824493017,
                0.1950924185496677,
                0.319011410390366,
                0.19575611403159404,
                0.024902513573852442,
                -0.9803363636982939,
                -1.063621440629272,
                0.021394163847806916,
                0.9993311502089486,
                0.029657059936105533,
                0.027285842214412707,
                0.0,
                0.0,
                0.0,
                1.0
            ],
            "fov": 39.33953629190312,
            "aspect": 1.7777777777777777,
            "frame_num": 960
        },
        {
            "camera_to_world": [
                0.9748009318469959,
                -0.02910064853682068,
                0.22117033625350788,
                0.3400101347304852,
                0.22192759489765776,
                0.026010720761678978,
                -0.974716144516258,
                -1.0560504849088057,
                0.022612072405899193,
                0.9992380066729093,
                0.03181351018988042,
                0.027336610991804976,
                0.0,
                0.0,
                0.0,
                1.0
            ],
            "fov": 39.33953629190312,
            "aspect": 1.7777777777777777,
            "frame_num": 959
        },
        {
            "camera_to_world": [
                0.9684230147326365,
                -0.031222947721740012,
                0.24734998319232201,
                0.36070949737065866,
                0.24818835340893158,
                0.026611898179462794,
                -0.9683461805881662,
                -1.0477556083004684,
                0.02365216996639907,
                0.9991581124800198,
                0.033520745069067916,
                0.02766695624795761,
                0.0,
                0.0,
                0.0,
                1.0
            ],
            "fov": 39.33953629190312,
            "aspect": 1.7777777777777777,
            "frame_num": 958
        },
        {
            "camera_to_world": [
                0.9614346845479537,
                -0.03316556615416833,
                0.2730263992425922,
                0.38112361672213985,
                0.2739445338855246,
                0.02723159810313641,
                -0.9613598752658817,
                -1.038994221812884,
                0.024449099767895173,
                0.9990788180191176,
                0.03526692692598936,
                0.027805057929066734,
                0.0,
                0.0,
                0.0,
                1.0
            ],
            "fov": 39.33953629190312,
            "aspect": 1.7777777777777777,
            "frame_num": 957
        },
        {
            "camera_to_world": [
                0.9538025344268745,
                -0.035071342611301494,
                0.29838020772470286,
                0.4012371683630054,
                0.299381048177456,
                0.02786447065953608,
                -0.9537266571818528,
                -1.0296695502725879,
                0.025134268251837084,
                0.9989962820425051,
                0.0370768964914389,
                0.027749178135416625,
                0.0,
                0.0,
                0.0,
                1.0
            ],
            "fov": 39.33953629190312,
            "aspect": 1.7777777777777777,
            "frame_num": 956
        },
        {
            "camera_to_world": [
                0.9455506138030083,
                -0.03665517208924959,
                0.32340447926611454,
                0.4209647246413488,
                0.3244607161159043,
                0.027768191002344636,
                -0.9454914852172129,
                -1.019638100784864,
                0.025676796232848638,
                0.9989421030582949,
                0.03814939188805334,
                0.027351288616421443,
                0.0,
                0.0,
                0.0,
                1.0
            ],
            "fov": 39.33953629190312,
            "aspect": 1.7777777777777777,
            "frame_num": 955
        },
        {
            "camera_to_world": [
                0.9364034800669352,
                -0.03857847310614556,
                0.3487982884775328,
                0.4404259784310498,
                0.34992424966698277,
                0.027628548967760475,
                -0.9363704716239053,
                -1.0090810981406655,
                0.026486952989802963,
                0.9988735475688939,
                0.03937101112734226,
                0.02634382477006522,
                0.0,
                0.0,
                0.0,
                1.0
            ],
            "fov": 39.33953629190312,
            "aspect": 1.7777777777777777,
            "frame_num": 954
        },
        {
            "camera_to_world": [
                0.9266948410146228,
                -0.04082583762801769,
                0.3735906111405624,
                0.45961823550099573,
                0.37481391875970577,
                0.027902763723644208,
                -0.9266800631462916,
                -0.9978568520806551,
                0.027408279805507325,
                0.9987765946904648,
                0.041159437865005206,
                0.02519270743531841,
                0.0,
                0.0,
                0.0,
                1.0
            ],
            "fov": 39.33953629190312,
            "aspect": 1.7777777777777777,
            "frame_num": 953
        },
        {
            "camera_to_world": [
                0.9161520457308743,
                -0.04343998897911984,
                0.3984700974654844,
                0.4785463547424256,
                0.3998193063178353,
                0.02845316394702633,
                -0.9161522346800056,
                -0.9859105265315701,
                0.02845990857358744,
                0.9986507818893178,
                0.043435569117694604,
                0.024484278432564496,
                0.0,
                0.0,
                0.0,
                1.0
            ],
            "fov": 39.33953629190312,
            "aspect": 1.7777777777777777,
            "frame_num": 952
        },
        {
            "camera_to_world": [
                0.9047910502355901,
                -0.0458008505267684,
                0.42338571021956717,
                0.49724107730348543,
                0.42484014936069187,
                0.028454925336226827,
                -0.90482105527421,
                -0.9733971063415019,
                0.029394165781161267,
                0.998545241173065,
                0.04520380047513442,
                0.024120365789510163,
                0.0,
                0.0,
                0.0,
                1.0
            ],
            "fov": 39.33953629190312,
            "aspect": 1.7777777777777777,
            "frame_num": 951
        },
        {
            "camera_to_world": [
                0.892748408214171,
                -0.04834000375134124,
                0.4479548479276773,
                0.5156289878567346,
                0.4495310777281393,
                0.02855689589698679,
                -0.8928080931563879,
                -0.9605326348166221,
                0.03036614730160554,
                0.99842262949822,
                0.04722445587466634,
                0.023629859069678478,
                0.0,
                0.0,
                0.0,
                1.0
            ],
            "fov": 39.33953629190312,
            "aspect": 1.7777777777777777,
            "frame_num": 950
        },
        {
            "camera_to_world": [
                0.8799917463510964,
                -0.0506910578855434,
                0.47227636519088806,
                0.5336842200602484,
                0.4739656059439299,
                0.028477310836591954,
                -0.8800827373048282,
                -0.9471308818344226,
                0.031163164856344617,
                0.9983082984646515,
                0.049085615015901175,
                0.02327123618492212,
                0.0,
                0.0,
                0.0,
                1.0
            ],
            "fov": 39.33953629190312,
            "aspect": 1.7777777777777777,
            "frame_num": 949
        },
        {
            "camera_to_world": [
                0.866678252095914,
                -0.05310630004027135,
                0.4960328117710851,
                0.5513369046300086,
                0.49784479668757065,
                0.02843532075580566,
                -0.8667998432722894,
                -0.933383761382906,
                0.03192768121042242,
                0.9981839273404465,
                0.05108296781187187,
                0.022918064805773786,
                0.0,
                0.0,
                0.0,
                1.0
            ],
            "fov": 39.33953629190312,
            "aspect": 1.7777777777777777,
            "frame_num": 948
        },
        {
            "camera_to_world": [
                0.852633280839929,
                -0.05566572510589024,
                0.5195361754162066,
                0.5685230446262909,
                0.5214877129051486,
                0.028496250455565288,
                -0.8527828013926938,
                -0.9191117544849153,
                0.03266594082746277,
                0.9980427296144838,
                0.053325841786774415,
                0.02299404483796898,
                0.0,
                0.0,
                0.0,
                1.0
            ],
            "fov": 39.33953629190312,
            "aspect": 1.7777777777777777,
            "frame_num": 947
        },
        {
            "camera_to_world": [
                0.8378691345565614,
                -0.057490496175260086,
                0.5428353141796192,
                0.585339923666989,
                0.5448584271149169,
                0.027532525649105032,
                -0.8380759105149602,
                -0.9044231085514755,
                0.03323577356088232,
                0.9979663332306142,
                0.05439283337714019,
                0.0227900140268242,
                0.0,
                0.0,
                0.0,
                1.0
            ],
            "fov": 39.33953629190312,
            "aspect": 1.7777777777777777,
            "frame_num": 946
        },
        {
            "camera_to_world": [
                0.8225170503696356,
                -0.05929495989709413,
                0.5656410802757886,
                0.6016758535584487,
                0.5677341989866114,
                0.026465713576051864,
                -0.8227863772925395,
                -0.8894303160014428,
                0.03381699130920743,
                0.9978896096860326,
                0.05543227587057256,
                0.02144383748816492,
                0.0,
                0.0,
                0.0,
                1.0
            ],
            "fov": 39.33953629190312,
            "aspect": 1.7777777777777777,
            "frame_num": 945
        },
        {
            "camera_to_world": [
                0.8062889864880323,
                -0.06249195205919294,
                0.5882115676433591,
                0.6177108438427349,
                0.5904991946104547,
                0.026586582068885655,
                -0.8066001687146727,
                -0.8739707034787403,
                0.03476748487570965,
                0.9976912894150861,
                0.05833791433896895,
                0.02017996658478739,
                0.0,
                0.0,
                0.0,
                1.0
            ],
            "fov": 39.33953629190312,
            "aspect": 1.7777777777777777,
            "frame_num": 944
        },
        {
            "camera_to_world": [
                0.7892353232784113,
                -0.06548979056159888,
                0.6105888255899745,
                0.6334283625608866,
                0.6130442021883221,
                0.025996789584313368,
                -0.7896207636877542,
                -0.8579412501575341,
                0.03583875017101573,
                0.9975145380716455,
                0.06066571973225341,
                0.020190933382138163,
                0.0,
                0.0,
                0.0,
                1.0
            ],
            "fov": 39.33953629190312,
            "aspect": 1.7777777777777777,
            "frame_num": 943
        },
        {
            "camera_to_world": [
                0.7715166458536149,
                -0.06818819799612558,
                0.6325444308017841,
                0.6490619117557413,
                0.635149263189848,
                0.02518678122087166,
                -0.7719786375757844,
                -0.8417960997742255,
                0.036708074988398176,
                0.997354498216807,
                0.06274170340441981,
                0.021089346299397838,
                0.0,
                0.0,
                0.0,
                1.0
            ],
            "fov": 39.33953629190312,
            "aspect": 1.7777777777777777,
            "frame_num": 942
        },
        {
            "camera_to_world": [
                0.753306354202756,
                -0.07000961640762417,
                0.6539328806855746,
                0.6647548458721527,
                0.6566121406749599,
                0.023693547444784857,
                -0.7538561466751917,
                -0.8260394799590381,
                0.03728319094801074,
                0.997264894012693,
                0.06381766269088134,
                0.021923237515436466,
                0.0,
                0.0,
                0.0,
                1.0
            ],
            "fov": 39.33953629190312,
            "aspect": 1.7777777777777777,
            "frame_num": 941
        },
        {
            "camera_to_world": [
                0.7167535440622429,
                -0.07334802615326076,
                0.6934583233671359,
                0.6957682955685056,
                0.6962887400362614,
                0.021043652616614502,
                -0.7174532267231826,
                -0.7948126199624671,
                0.0380308830687661,
                0.9970843651163332,
                0.06615451611424172,
                0.020120758648209867,
                0.0,
                0.0,
                0.0,
                1.0
            ],
            "fov": 39.33953629190312,
            "aspect": 1.7777777777777777,
            "frame_num": 939
        },
        {
            "camera_to_world": [
                0.7350283565873001,
                -0.07177148074415846,
                0.6742271068993654,
                0.6805542086630452,
                0.6769852503725295,
                0.02233594646797193,
                -0.7356575654648451,
                -0.8105699202780661,
                0.037739733287623804,
                0.9971709780475071,
                0.06500578666471182,
                0.021562802867198305,
                0.0,
                0.0,
                0.0,
                1.0
            ],
            "fov": 39.33953629190312,
            "aspect": 1.7777777777777777,
            "frame_num": 940
        },
        {
            "camera_to_world": [
                0.6980407158590501,
                -0.07459475778183015,
                0.7121620624745325,
                0.7100984429383465,
                0.7150345158040896,
                0.019455526670184912,
                -0.6988183605508923,
                -0.7783302786246444,
                0.03827269946215674,
                0.9970241240860405,
                0.06691857511247659,
                0.017392122489356572,
                0.0,
                0.0,
                0.0,
                1.0
            ],
            "fov": 39.33953629190312,
            "aspect": 1.7777777777777777,
            "frame_num": 938
        },
        {
            "camera_to_world": [
                0.6784245954580527,
                -0.07702200136326007,
                0.7306214489714217,
                0.7238872383543098,
                0.7336374181298588,
                0.018316082874265577,
                -0.6792942198930717,
                -0.761311115864389,
                0.038938478475634405,
                0.9968611396960427,
                0.06893230220041925,
                0.014615947386645116,
                0.0,
                0.0,
                0.0,
                1.0
            ],
            "fov": 39.33953629190312,
            "aspect": 1.7777777777777777,
            "frame_num": 937
        },
        {
            "camera_to_world": [
                0.6582190487133003,
                -0.07898322402737248,
                0.7486717280268601,
                0.7371121284724486,
                0.7517862970789384,
                0.016702547750085086,
                -0.659195241013794,
                -0.743657835104706,
                0.03956064129632709,
                0.9967360105093233,
                0.07037243951237003,
                0.012562483217774348,
                0.0,
                0.0,
                0.0,
                1.0
            ],
            "fov": 39.33953629190312,
            "aspect": 1.7777777777777777,
            "frame_num": 936
        },
        {
            "camera_to_world": [
                0.6371826797862482,
                -0.08170450404456012,
                0.7663697728334365,
                0.7496527616726508,
                0.7696593686602524,
                0.01548433403154228,
                -0.6382669261252234,
                -0.7255552528562652,
                0.04028255830652819,
                0.9965363058367315,
                0.07275098538371941,
                0.010728967912211507,
                0.0,
                0.0,
                0.0,
                1.0
            ],
            "fov": 39.33953629190312,
            "aspect": 1.7777777777777777,
            "frame_num": 935
        },
        {
            "camera_to_world": [
                0.6156543302655012,
                -0.08447007513226776,
                0.7834759563292358,
                0.7611971502223592,
                0.7869566249171895,
                0.014360484843229507,
                -0.6168411662058984,
                -0.7070540445829561,
                0.040853526300532024,
                0.99632252926567,
                0.07531537887583686,
                0.00995977234856132,
                0.0,
                0.0,
                0.0,
                1.0
            ],
            "fov": 39.33953629190312,
            "aspect": 1.7777777777777777,
            "frame_num": 934
        },
        {
            "camera_to_world": [
                0.593256300341069,
                -0.08707610700174301,
                0.8002904071701552,
                0.7721973507190372,
                0.8039341687760863,
                0.012619256443883828,
                -0.5945843792039496,
                -0.687993273413313,
                0.04167502441799378,
                0.996121732220617,
                0.07748991009349551,
                0.009936497764241194,
                0.0,
                0.0,
                0.0,
                1.0
            ],
            "fov": 39.33953629190312,
            "aspect": 1.7777777777777777,
            "frame_num": 933
        },
        {
            "camera_to_world": [
                0.5703859770487515,
                -0.09029060262458886,
                0.816399085237946,
                0.7825856727634926,
                0.8202714367291138,
                0.011068278387531503,
                -0.57186732784111,
                -0.6685249831040149,
                0.04259811459902699,
                0.9958539550287006,
                0.08037599215589107,
                0.011013622207564243,
                0.0,
                0.0,
                0.0,
                1.0
            ],
            "fov": 39.33953629190312,
            "aspect": 1.7777777777777777,
            "frame_num": 932
        },
        {
            "camera_to_world": [
                0.52222529732264,
                -0.09533614771497903,
                0.8474619636825437,
                0.8015507015975591,
                0.8516878534411636,
                0.007397573080283113,
                -0.5239971885091987,
                -0.6283832934779513,
                0.04368671290698225,
                0.995417648184907,
                0.08505983791515552,
                0.015580298463587753,
                0.0,
                0.0,
                0.0,
                1.0
            ],
            "fov": 39.33953629190312,
            "aspect": 1.7777777777777777,
            "frame_num": 930
        },
        {
            "camera_to_world": [
                0.5466130471831807,
                -0.09309854073184506,
                0.8321940041097647,
                0.7923730532838786,
                0.8362751099261305,
                0.00953308210986537,
                -0.5482271775603291,
                -0.6486311048690053,
                0.04310577777226683,
                0.9956112602426308,
                0.08306689851841978,
                0.013192271399072536,
                0.0,
                0.0,
                0.0,
                1.0
            ],
            "fov": 39.33953629190312,
            "aspect": 1.7777777777777777,
            "frame_num": 931
        },
        {
            "camera_to_world": [
                0.49757611640515065,
                -0.09804152857866612,
                0.8618618736031033,
                0.8101853858442558,
                0.8663010253151222,
                0.005707734731848481,
                -0.4994896722199959,
                -0.608039517960754,
                0.04405145339832594,
                0.9951659559651369,
                0.08777350836232482,
                0.018124963706835792,
                0.0,
                0.0,
                0.0,
                1.0
            ],
            "fov": 39.33953629190312,
            "aspect": 1.7777777777777777,
            "frame_num": 929
        },
        {
            "camera_to_world": [
                0.4725091148510012,
                -0.10065919921402236,
                0.8755586126067404,
                0.8181941599901803,
                0.8802062600606535,
                0.0038404003220833933,
                -0.4745757773292306,
                -0.5875437970343707,
                0.04440792353249328,
                0.9949135522341981,
                0.09041548062695043,
                0.021275091167957044,
                0.0,
                0.0,
                0.0,
                1.0
            ],
            "fov": 39.33953629190312,
            "aspect": 1.7777777777777777,
            "frame_num": 928
        },
        {
            "camera_to_world": [
                0.44695922612141853,
                -0.1022678385729694,
                0.8886893503874568,
                0.8257437608703927,
                0.8934430478848678,
                0.0015311835770225443,
                -0.44917385611285343,
                -0.5667873274290721,
                0.04457529429011697,
                0.9947557208436834,
                0.0920548652514043,
                0.023796881012067457,
                0.0,
                0.0,
                0.0,
                1.0
            ],
            "fov": 39.33953629190312,
            "aspect": 1.7777777777777777,
            "frame_num": 927
        },
        {
            "camera_to_world": [
                0.42105271307026354,
                -0.10407921925830212,
                0.9010450327526789,
                0.83299552155503,
                0.905917385595067,
                -0.0010697114833243414,
                -0.42345309485960747,
                -0.5458871717039875,
                0.04503652716547188,
                0.9945684347077742,
                0.0938367685533882,
                0.025599929999292323,
                0.0,
                0.0,
                0.0,
                1.0
            ],
            "fov": 39.33953629190312,
            "aspect": 1.7777777777777777,
            "frame_num": 926
        },
        {
            "camera_to_world": [
                0.3950943746194423,
                -0.10634743463797947,
                0.9124640707466334,
                0.8400384364121357,
                0.9175239676767326,
                -0.00327480565593839,
                -0.39766697340727386,
                -0.5248220602058215,
                0.04527900642299223,
                0.9943236386000298,
                0.09628246219994832,
                0.02690832192868641,
                0.0,
                0.0,
                0.0,
                1.0
            ],
            "fov": 39.33953629190312,
            "aspect": 1.7777777777777777,
            "frame_num": 925
        },
        {
            "camera_to_world": [
                0.3685344942963285,
                -0.10810046270716839,
                0.9233074453234796,
                0.8465936623621216,
                0.9285033754682982,
                -0.005733162076723415,
                -0.3712796654124999,
                -0.5035295185140376,
                0.045428976335430735,
                0.9941234431902518,
                0.0982587758798891,
                0.027901195435425092,
                0.0,
                0.0,
                0.0,
                1.0
            ],
            "fov": 39.33953629190312,
            "aspect": 1.7777777777777777,
            "frame_num": 924
        },
        {
            "camera_to_world": [
                0.34167093014423955,
                -0.11040223381898401,
                0.9333125652082872,
                0.852517431750092,
                0.9387187369334583,
                -0.007963608155520885,
                -0.34459206495135314,
                -0.4819511828524418,
                0.04547627078028489,
                0.9938550836023043,
                0.10091571147504877,
                0.028527632026551383,
                0.0,
                0.0,
                0.0,
                1.0
            ],
            "fov": 39.33953629190312,
            "aspect": 1.7777777777777777,
            "frame_num": 923
        },
        {
            "camera_to_world": [
                0.28616113278989036,
                -0.11442804130081986,
                0.9513243671629508,
                0.862216905988829,
                0.9570846284357567,
                -0.013357712981289462,
                -0.2895005403589749,
                -0.43796877278742624,
                0.04583449916664394,
                0.993341730905551,
                0.10569486059618821,
                0.029610819168822394,
                0.0,
                0.0,
                0.0,
                1.0
            ],
            "fov": 39.33953629190312,
            "aspect": 1.7777777777777777,
            "frame_num": 921
        },
        {
            "camera_to_world": [
                0.3144029141357395,
                -0.11295117213260386,
                0.9425459471083355,
                0.8577212360049218,
                0.9481891818436384,
                -0.010428556878576804,
                -0.3175350342692292,
                -0.46011679594316085,
                0.045695349847700246,
                0.9935458104228847,
                0.10382031025849513,
                0.029226700041173385,
                0.0,
                0.0,
                0.0,
                1.0
            ],
            "fov": 39.33953629190312,
            "aspect": 1.7777777777777777,
            "frame_num": 922
        },
        {
            "camera_to_world": [
                0.2578028901327299,
                -0.11617133717002137,
                0.9591881527483881,
                0.8659940021492817,
                0.9651052698921778,
                -0.016228877868662565,
                -0.2613587934271779,
                -0.41564825312390385,
                0.04592894944080031,
                0.9930965932033087,
                0.10793371762330459,
                0.02927445342005148,
                0.0,
                0.0,
                0.0,
                1.0
            ],
            "fov": 39.33953629190312,
            "aspect": 1.7777777777777777,
            "frame_num": 920
        },
        {
            "camera_to_world": [
                0.22883059040922385,
                -0.11733894215537866,
                0.9663685402890289,
                0.8692074861695198,
                0.9723874719916115,
                -0.019170039637480984,
                -0.23258351456261986,
                -0.3931555551648557,
                0.045816428339400944,
                0.9929068847165725,
                0.10971222541445627,
                0.028217592878797704,
                0.0,
                0.0,
                0.0,
                1.0
            ],
            "fov": 39.33953629190312,
            "aspect": 1.7777777777777777,
            "frame_num": 919
        },
        {
            "camera_to_world": [
                0.2000055652305648,
                -0.11841868488427863,
                0.9726123642338734,
                0.8718740846588552,
                0.9787167166367604,
                -0.022406905494873897,
                -0.2039889617458315,
                -0.3704385398257409,
                0.045949339476786755,
                0.9927109071287863,
                0.11141684027978054,
                0.026599369606432683,
                0.0,
                0.0,
                0.0,
                1.0
            ],
            "fov": 39.33953629190312,
            "aspect": 1.7777777777777777,
            "frame_num": 918
        },
        {
            "camera_to_world": [
                0.17087796988328835,
                -0.11942371602593439,
                0.978027973819076,
                0.8737320043138546,
                0.9842092158620078,
                -0.02583860120174873,
                -0.17511300195150586,
                -0.34758349313272785,
                0.046183521774535045,
                0.9925070993224655,
                0.11312267385342117,
                0.024846526882092743,
                0.0,
                0.0,
                0.0,
                1.0
            ],
            "fov": 39.33953629190312,
            "aspect": 1.7777777777777777,
            "frame_num": 917
        },
        {
            "camera_to_world": [
                0.14141413230451325,
                -0.12074666158710175,
                0.9825590613360888,
                0.8748712791130632,
                0.9888595819254736,
                -0.029353949641836196,
                -0.14592823656455653,
