{
    "camera_type": "perspective",
    "render_height": 1080.0,
    "render_width": 1920.0,
    "fps": 30.0,
    "seconds": 6.0,
    "is_cycle": false,
    "smoothness_value": 0.0,
    "default_fov": 39.33953629190312,
    "default_transition_sec": 2.0,
    "camera_path": [
        {
            "camera_to_world": [
                0.9998767543784017,
                -0.012333745220091563,
                -0.009711388272080408,
                0.18443778900169758,
                -0.008899805972651663,
                0.06423344737189225,
                -0.997895235509034,
                -1.4429946606582222,
                0.012931581598893405,
                0.997858678896123,
                0.06411576714258804,
                0.09071342476095012,
                0.0,
                0.0,
                0.0,
                1.0
            ],
            "fov": 39.33953629190312,
            "aspect": 1.7777777777777777,
            "frame_num": 972
        },
        {
            "camera_to_world": [
                0.9999111846610362,
                -0.012690903473708449,
                -0.004064485009994885,
                0.19074703721767025,
                -0.0032370832177474437,
                0.06454950850513805,
                -0.9979092772407949,
                -1.4428255346662553,
                0.012926730859305992,
                0.9978338047992897,
                0.06450269820954266,
                0.09198631316406286,
                0.0,
                0.0,
                0.0,
                1.0
            ],
            "fov": 39.33953629190312,
            "aspect": 1.7777777777777777,
            "frame_num": 971
        },
        {
            "camera_to_world": [
                0.9999033672871677,
                -0.013334455403212995,
                0.003924877895589775,
                0.19934291920013306,
                0.004780458178980414,
                0.06474950242371724,
                -0.997890120461536,
                -1.4422530430723441,
                0.013052187420894036,
                0.9978124544788615,
                0.06480699451175864,
                0.09274537726758955,
                0.0,
                0.0,
                0.0,
                1.0
            ],
            "fov": 39.33953629190312,
            "aspect": 1.7777777777777777,
            "frame_num": 970
        },
        {
            "camera_to_world": [
                0.9997943971493126,
                -0.01401165889353409,
                0.014655822170924692,
                0.2105914907996669,
                0.015539825601665773,
                0.06521576611978704,
                -0.9977501997138049,
                -1.4413793521908727,
                0.013024344746425814,
                0.9977728084792128,
                0.065420100509533,
                0.09320667751292326,
                0.0,
                0.0,
                0.0,
                1.0
            ],
            "fov": 39.33953629190312,
            "aspect": 1.7777777777777777,
            "frame_num": 969
        },
        {
            "camera_to_world": [
                0.9994935144005146,
                -0.015084190360250762,
                0.028020316773662585,
                0.22441869639037906,
                0.028953654774460796,
                0.06569655599709939,
                -0.9974195164345744,
                -1.4399569844341453,
                0.013204427446963807,
                0.997725628519498,
                0.06610002827849784,
                0.0935213679702949,
                0.0,
                0.0,
                0.0,
                1.0
            ],
            "fov": 39.33953629190312,
            "aspect": 1.7777777777777777,
            "frame_num": 968
        },
        {
            "camera_to_world": [
                0.9989272042023986,
                -0.01618781847158661,
                0.043386075152317655,
                0.23997215865753851,
                0.044372917655536546,
                0.06662154757923291,
                -0.9967911802058352,
                -1.4381974094236447,
                0.013245427046715028,
                0.9976469936809407,
                0.06726838119784376,
                0.09389169234082603,
                0.0,
                0.0,
                0.0,
                1.0
            ],
            "fov": 39.33953629190312,
            "aspect": 1.7777777777777777,
            "frame_num": 967
        },
        {
            "camera_to_world": [
                0.9980116584111832,
                -0.017747061941839035,
                0.060479151344938795,
                0.25739143637527245,
                0.061544486121583995,
                0.06734486757232884,
                -0.9958297989109155,
                -1.4359186136687412,
                0.01360009245236638,
                0.9975719075180528,
                0.06830320097424128,
                0.09443401000508242,
                0.0,
                0.0,
                0.0,
                1.0
            ],
            "fov": 39.33953629190312,
            "aspect": 1.7777777777777777,
            "frame_num": 966
        },
        {
            "camera_to_world": [
                0.9967041710203065,
                -0.018981468459503704,
                0.07886986500214659,
                0.2761694656957061,
                0.07998350368638438,
                0.0676409545611763,
                -0.9944985589548945,
                -1.432861029787845,
                0.013542209763544087,
                0.9975291500419942,
                0.06893623008595814,
                0.09415703211953658,
                0.0,
                0.0,
                0.0,
                1.0
            ],
            "fov": 39.33953629190312,
            "aspect": 1.7777777777777777,
            "frame_num": 965
        },
        {
            "camera_to_world": [
                0.9948926300531801,
                -0.02045572447357207,
                0.09884419194742373,
                0.2964271106123713,
                0.10002282417242266,
                0.0681773309511846,
                -0.9926466287396559,
                -1.429222947849391,
                0.013566372354820075,
                0.997463490529367,
                0.06987516761589152,
                0.09323050839632425,
                0.0,
                0.0,
                0.0,
                1.0
            ],
            "fov": 39.33953629190312,
            "aspect": 1.7777777777777777,
            "frame_num": 964
        },
        {
            "camera_to_world": [
                0.9893013257707662,
                -0.024280453745661634,
                0.1438516689987334,
                0.34123673870372073,
                0.14521096619014515,
                0.06911480084147968,
                -0.9869837703640452,
                -1.418544572249686,
                0.014022133746188874,
                0.9973131924922244,
                0.07190115641224931,
                0.09056307432506512,
                0.0,
                0.0,
                0.0,
                1.0
            ],
            "fov": 39.33953629190312,
            "aspect": 1.7777777777777777,
            "frame_num": 962
        },
        {
            "camera_to_world": [
                0.9924603958281876,
                -0.02226962864028581,
                0.1205254439211622,
                0.31817583933955823,
                0.12178748078444936,
                0.06855248496486416,
                -0.9901860480175322,
                -1.4243595361796595,
                0.013788756405534017,
                0.997398927460512,
                0.07074779250730599,
                0.09208248382895735,
                0.0,
                0.0,
                0.0,
                1.0
            ],
            "fov": 39.33953629190312,
            "aspect": 1.7777777777777777,
            "frame_num": 963
        },
        {
            "camera_to_world": [
                0.9852749825002488,
                -0.02648262231102083,
                0.16891369350730043,
                0.365530374999529,
                0.17038297036952332,
                0.06979115046559782,
                -0.9829032923355203,
                -1.411531940436594,
                0.014241174970310327,
                0.9972100411017407,
                0.07327566655156709,
                0.08911997069387048,
                0.0,
                0.0,
                0.0,
                1.0
            ],
            "fov": 39.33953629190312,
            "aspect": 1.7777777777777777,
            "frame_num": 961
        },
        {
            "camera_to_world": [
                0.9803290562492427,
                -0.02912311256659783,
                0.1952094825245798,
                0.39072875157579273,
                0.19682542748829415,
                0.07083563488840008,
                -0.9778763251471356,
                -1.4034854230798823,
                0.014651013862438823,
                0.9970627649137243,
                0.07517440430525074,
                0.08825266704655381,
                0.0,
                0.0,
                0.0,
                1.0
            ],
            "fov": 39.33953629190312,
            "aspect": 1.7777777777777777,
            "frame_num": 960
        },
        {
            "camera_to_world": [
                0.9747029359318372,
                -0.03144471976274775,
                0.22128120698448708,
                0.41572480959708874,
                0.22302355198693324,
                0.07193769215093972,
                -0.9721550838556506,
                -1.3944718620886831,
                0.014650683921044608,
                0.9969133352861728,
                0.07713079693929899,
                0.08795669798965854,
                0.0,
                0.0,
                0.0,
                1.0
            ],
            "fov": 39.33953629190312,
            "aspect": 1.7777777777777777,
            "frame_num": 959
        },
        {
            "camera_to_world": [
                0.9683175915809521,
                -0.03356694069021524,
                0.24745556895567325,
                0.44036354911129844,
                0.24930245406903512,
                0.07253392522672912,
                -0.9657055241871713,
                -1.3845822167411963,
                0.014466855299000422,
                0.996800928069836,
                0.07860420055009082,
                0.0879527265814453,
                0.0,
                0.0,
                0.0,
                1.0
            ],
            "fov": 39.33953629190312,
            "aspect": 1.7777777777777777,
            "frame_num": 958
        },
        {
            "camera_to_world": [
                0.9613225013795356,
                -0.035509486304517,
                0.27312649267948025,
                0.46466315071347836,
                0.2750659448546941,
                0.07314874238177946,
                -0.9586386341204998,
                -1.3741484295678663,
                0.014061904870507212,
                0.9966886865416523,
                0.08008698644933472,
                0.08769380424609961,
                0.0,
                0.0,
                0.0,
                1.0
            ],
            "fov": 39.33953629190312,
            "aspect": 1.7777777777777777,
            "frame_num": 957
        },
        {
            "camera_to_world": [
                0.9536839156570486,
                -0.037415184971213794,
                0.2984745369880343,
                0.48860535431797836,
                0.3005047749665437,
                0.07377658011116017,
                -0.9509226781440578,
                -1.3630555168499898,
                0.013558516071934494,
                0.9965726868437791,
                0.08160298356154094,
                0.08717252243927145,
                0.0,
                0.0,
                0.0,
                1.0
            ],
            "fov": 39.33953629190312,
            "aspect": 1.7777777777777777,
            "frame_num": 956
        },
        {
            "camera_to_world": [
                0.9454259631608098,
                -0.03899886482794081,
                0.3234946568387168,
                0.5120888425642947,
                0.32558039037576525,
                0.07367743782504872,
                -0.9426394262482123,
                -1.3511409740625089,
                0.012927608759537626,
                0.9965193042258923,
                0.08235383223718785,
                0.08620475302132177,
                0.0,
                0.0,
                0.0,
                1.0
            ],
            "fov": 39.33953629190312,
            "aspect": 1.7777777777777777,
            "frame_num": 955
        },
        {
            "camera_to_world": [
                0.9362721003027735,
                -0.04092197334810638,
                0.34888379522635027,
                0.5352568905779248,
                0.3510515085188325,
                0.07353421651355449,
                -0.9334643007248047,
                -1.3386349213914808,
                0.01254430325229351,
                0.996452764103596,
                0.08321375976042161,
                0.08448256672490631,
                0.0,
                0.0,
                0.0,
                1.0
            ],
            "fov": 39.33953629190312,
            "aspect": 1.7777777777777777,
            "frame_num": 954
        },
        {
            "camera_to_world": [
                0.926556582935156,
                -0.043169156949456354,
                0.3736700132301398,
                0.5581049603951428,
                0.3759543157820284,
                0.0738030110421851,
                -0.923694490275455,
                -1.3253433495482165,
                0.012297138759887447,
                0.9963380648309814,
                0.08461230049125694,
                0.08255226532604583,
                0.0,
                0.0,
                0.0,
                1.0
            ],
            "fov": 39.33953629190312,
            "aspect": 1.7777777777777777,
            "frame_num": 953
        },
        {
            "camera_to_world": [
                0.9160065845534291,
                -0.04578311148839008,
                0.39854209318065104,
                0.5806371897973692,
                0.4009784638829449,
                0.07434626179311471,
                -0.9130656866944032,
                -1.3111689388228085,
                0.01217287167841794,
                0.9961809775488861,
                0.08645971091840328,
                0.08110813098738567,
                0.0,
                0.0,
                0.0,
                1.0
            ],
            "fov": 39.33953629190312,
            "aspect": 1.7777777777777777,
            "frame_num": 952
        },
        {
            "camera_to_world": [
                0.9046386600589733,
                -0.048143719714403996,
                0.4234513351713254,
                0.6028904833543217,
                0.4260124081833601,
                0.07434246246669653,
                -0.9016577342359245,
                -1.2963013609142349,
                0.0119287404823307,
                0.9960699676664638,
                0.08776289142161263,
                0.08004199077696283,
                0.0,
                0.0,
                0.0,
                1.0
            ],
            "fov": 39.33953629190312,
            "aspect": 1.7777777777777777,
            "frame_num": 951
        },
        {
            "camera_to_world": [
                0.8925890655726243,
                -0.05068259827558265,
                0.44801338209012975,
                0.6247788058002222,
                0.45071831895970765,
                0.07443792782909685,
                -0.8895572130076309,
                -1.2810233564081728,
                0.011735881202247238,
                0.99593688006916,
                0.0892860597056562,
                0.07880523194945074,
                0.0,
                0.0,
                0.0,
                1.0
            ],
            "fov": 39.33953629190312,
            "aspect": 1.7777777777777777,
            "frame_num": 950
        },
        {
            "camera_to_world": [
                0.8798259117413257,
                -0.05303336301782031,
                0.47232804671666206,
                0.6462706019354759,
                0.47515983998033845,
                0.07435246674367799,
                -0.8767524625105129,
                -1.2650993170754778,
                0.011378374267567689,
                0.9958208538863215,
                0.0906165548417719,
                0.07769496410809436,
                0.0,
                0.0,
                0.0,
                1.0
            ],
            "fov": 39.33953629190312,
            "aspect": 1.7777777777777777,
            "frame_num": 949
        },
        {
            "camera_to_world": [
                0.8665061091074844,
                -0.05544829927044691,
                0.4960772170408907,
                0.6672830918439385,
                0.4990449502662908,
                0.07430407987240094,
                -0.8633846678551165,
                -1.2487644137019092,
                0.011012648222620514,
                0.9956929194031562,
                0.09205613655151941,
                0.07657115058647314,
                0.0,
                0.0,
                0.0,
                1.0
            ],
            "fov": 39.33953629190312,
            "aspect": 1.7777777777777777,
            "frame_num": 948
        },
        {
            "camera_to_world": [
                0.8524549380588547,
                -0.05800739827658972,
                0.5195725903123329,
                0.6877388688588191,
                0.522692610182298,
                0.07435768684324223,
                -0.8492722843866962,
                -1.231781985096762,
                0.010629857515317009,
                0.9955431060817138,
                0.0937066193479694,
                0.07592764297782272,
                0.0,
                0.0,
                0.0,
                1.0
            ],
            "fov": 39.33953629190312,
            "aspect": 1.7777777777777777,
            "frame_num": 947
        },
        {
            "camera_to_world": [
                0.8376850402055801,
                -0.059831801545073136,
                0.5428663603680541,
                0.7077557450977819,
                0.5460603943691628,
                0.07339092376451169,
                -0.8345249315446752,
                -1.2143195565625544,
                0.010089664154653174,
                0.9955068697601097,
                0.09415025961154624,
                0.07492731041841322,
                0.0,
                0.0,
                0.0,
                1.0
            ],
            "fov": 39.33953629190312,
            "aspect": 1.7777777777777777,
            "frame_num": 946
        },
        {
            "camera_to_world": [
                0.8223272738660807,
                -0.061635877089172064,
                0.5656667124650699,
                0.7272031895794783,
                0.5689341084384261,
                0.07232117354425899,
                -0.819196967445445,
                -1.1965581523197044,
                0.009582240754850188,
                0.995475095827032,
                0.09453842973904818,
                0.07255076150214537,
                0.0,
                0.0,
                0.0,
                1.0
            ],
            "fov": 39.33953629190312,
            "aspect": 1.7777777777777777,
            "frame_num": 945
        },
        {
            "camera_to_world": [
                0.8060926869465453,
                -0.0648324191253494,
                0.5882272467008526,
                0.7462920452867624,
                0.59171388827584,
                0.07243183816278773,
                -0.8028875055704288,
                -1.1782372090993662,
                0.00944675607796564,
                0.9952639781142728,
                0.0967490212612142,
                0.07024569215654261,
                0.0,
                0.0,
                0.0,
                1.0
            ],
            "fov": 39.33953629190312,
            "aspect": 1.7777777777777777,
            "frame_num": 944
        },
        {
            "camera_to_world": [
                0.7890322622506994,
                -0.06782972296550435,
                0.6105957534159391,
                0.7649992849899263,
                0.6142792219605355,
                0.0718336455651465,
                -0.7858123237718015,
                -1.1591689196295643,
                0.009440110737425313,
                0.9951075599713236,
                0.09834545665373377,
                0.06942456166393521,
                0.0,
                0.0,
                0.0,
                1.0
            ],
            "fov": 39.33953629190312,
            "aspect": 1.7777777777777777,
            "frame_num": 943
        },
        {
            "camera_to_world": [
                0.7713073818690814,
                -0.07052759368049778,
                0.6325430716429616,
                0.7836040637947286,
                0.6363955874917822,
                0.07101632819411395,
                -0.7680868314911234,
                -1.1399144784626891,
                0.009250426944672456,
                0.9949786628413657,
                0.0996588708494961,
                0.06965220430497036,
                0.0,
                0.0,
                0.0,
                1.0
            ],
            "fov": 39.33953629190312,
            "aspect": 1.7777777777777777,
            "frame_num": 942
        },
        {
            "camera_to_world": [
                0.753091699888739,
                -0.07234851235815908,
                0.6539254855087562,
                0.8022798053986886,
                0.6578567695322223,
                0.0695200100895658,
                -0.7499276514018097,
                -1.1211255870323968,
                0.008795240869102501,
                0.9949535973093067,
                0.09994990438500631,
                0.06982455882668935,
                0.0,
                0.0,
                0.0,
                1.0
            ],
            "fov": 39.33953629190312,
            "aspect": 1.7777777777777777,
            "frame_num": 941
        },
        {
            "camera_to_world": [
                0.716529671688373,
                -0.0756859846081323,
                0.6934384021696961,
                0.8391976792109543,
                0.6975148616461571,
                0.06686362040555399,
                -0.7134439833709884,
                -1.0840785240401256,
                0.007631905344136156,
                0.9948873744433839,
                0.10070187009790509,
                0.06605711902199089,
                0.0,
                0.0,
                0.0,
                1.0
            ],
            "fov": 39.33953629190312,
            "aspect": 1.7777777777777777,
            "frame_num": 939
        },
        {
            "camera_to_world": [
                0.7348087976234656,
                -0.07410989291026707,
                0.6742134016671557,
                0.8210856385228807,
                0.6782238629225401,
                0.06815900064782074,
                -0.7316876285358229,
                -1.1027434273735746,
                0.00827157729212301,
                0.9949181243888344,
                0.10034693427779237,
                0.06859264810485231,
                0.0,
                0.0,
                0.0,
                1.0
            ],
            "fov": 39.33953629190312,
            "aspect": 1.7777777777777777,
            "frame_num": 940
        },
        {
            "camera_to_world": [
                0.6978127531901671,
                -0.07693226874120712,
                0.7121367451487822,
                0.8562608554242668,
                0.716246336914874,
                0.06527403263677133,
                -0.6947881179745502,
                -1.0646221732443175,
                0.00696758608381308,
                0.9948973447105615,
                0.10065151106310505,
                0.061949434086280356,
                0.0,
                0.0,
                0.0,
                1.0
            ],
            "fov": 39.33953629190312,
            "aspect": 1.7777777777777777,
            "frame_num": 938
        },
        {
            "camera_to_world": [
                0.6781915797883747,
                -0.07935890661507282,
                0.730587641097644,
                0.8726795900808674,
                0.7348543220820064,
                0.06412757397308094,
                -0.6751865097385905,
                -1.0445302337482836,
                0.006731247115770638,
                0.9947812915440521,
                0.1018080191019407,
                0.05775431892116868,
                0.0,
                0.0,
                0.0,
                1.0
            ],
            "fov": 39.33953629190312,
            "aspect": 1.7777777777777777,
            "frame_num": 937
        },
        {
            "camera_to_world": [
                0.6579811704139152,
                -0.08131952304020433,
                0.7486306638342167,
                0.8884248659208016,
                0.7530065823782399,
                0.06250940607297567,
                -0.6550371778813059,
                -1.0236448312860456,
                0.006470849578171614,
                0.9947259467433761,
                0.10236415109049646,
                0.054382356063936904,
                0.0,
                0.0,
                0.0,
                1.0
            ],
            "fov": 39.33953629190312,
            "aspect": 1.7777777777777777,
            "frame_num": 936
        },
        {
            "camera_to_world": [
                0.6369397602745205,
                -0.08404009553965955,
                0.7663190982891743,
                0.9033548535113541,
                0.7708876679567073,
                0.06128248409467655,
                -0.6340163277824273,
                -1.0022133216363402,
                0.006320851596487303,
                0.9945761505627739,
                0.10381872670225199,
                0.05124545284652326,
                0.0,
                0.0,
                0.0,
                1.0
            ],
            "fov": 39.33953629190312,
            "aspect": 1.7777777777777777,
            "frame_num": 935
        },
        {
            "camera_to_world": [
                0.6154068341401082,
                -0.08680494404754019,
                0.7834151431151714,
                0.9170958056408822,
                0.7881864575766818,
                0.060149166269654365,
                -0.6124901870634708,
                -0.9802498417954101,
                0.006045405431735347,
                0.9944078535751893,
                0.10543469195856896,
                0.04934963585283346,
                0.0,
                0.0,
                0.0,
                1.0
            ],
            "fov": 39.33953629190312,
            "aspect": 1.7777777777777777,
            "frame_num": 934
        },
        {
            "camera_to_world": [
                0.5930037045418164,
                -0.08941016637962265,
                0.8002202102092035,
                0.930186723587147,
                0.8051771377582152,
                0.058399767344033245,
                -0.5901519188860691,
                -0.9575802814155282,
                0.006032903800570539,
                0.9942812927303465,
                0.10662230275815354,
                0.048308709584752633,
                0.0,
                0.0,
                0.0,
                1.0
            ],
            "fov": 39.33953629190312,
            "aspect": 1.7777777777777777,
            "frame_num": 933
        },
        {
            "camera_to_world": [
                0.5701281672255297,
                -0.09262373026515706,
                0.816317752965987,
                0.9425460720207514,
                0.8215327519462813,
                0.0568371549307417,
                -0.5673213539592953,
                -0.9343660630845544,
                0.006150238039873967,
                0.9940776539797913,
                0.10849789342348858,
                0.04855235367235967,
                0.0,
                0.0,
                0.0,
                1.0
            ],
            "fov": 39.33953629190312,
            "aspect": 1.7777777777777777,
            "frame_num": 932
        },
        {
            "camera_to_world": [
                0.5219590797181116,
                -0.09766753956863403,
                0.8473604469728591,
                0.9651011358689721,
                0.8529516235858151,
                0.05314876077170069,
                -0.519277171084974,
                -0.8863730614577077,
                0.005680362413080916,
                0.9937989035235908,
                0.11104716694005345,
                0.05183745947435982,
                0.0,
                0.0,
                0.0,
                1.0
            ],
            "fov": 39.33953629190312,
            "aspect": 1.7777777777777777,
            "frame_num": 930
        },
        {
            "camera_to_world": [
                0.5463510620044382,
                -0.09543079949808891,
                0.8321018181889698,
                0.9541868635603784,
                0.8375357463598518,
                0.05529158259991245,
                -0.5435777385271603,
                -0.9105856340084753,
                0.0058658282727044085,
                0.9938992922392395,
                0.11013532309055771,
                0.050080947707250065,
                0.0,
                0.0,
                0.0,
                1.0
            ],
            "fov": 39.33953629190312,
            "aspect": 1.7777777777777777,
            "frame_num": 931
        },
        {
            "camera_to_world": [
                0.49730632575798306,
                -0.1003720012778832,
                0.861749288366506,
                0.9753685786056612,
                0.8675587529620142,
                0.051448326780549225,
                -0.49466647671914826,
                -0.8620379845577806,
                0.005315101623499592,
                0.9936189061785411,
                0.11266418874930535,
                0.053773482896200125,
                0.0,
                0.0,
                0.0,
                1.0
            ],
            "fov": 39.33953629190312,
            "aspect": 1.7777777777777777,
            "frame_num": 929
        },
        {
            "camera_to_world": [
                0.47223590675293164,
                -0.10298871747414201,
                0.8754350511179455,
                0.984889185207533,
                0.8814581895110233,
                0.049570578038686315,
                -0.46965334162136946,
                -0.8374892831988451,
                0.0049731701139468865,
                0.993446567025312,
                0.11418925734011628,
                0.05641945921649459,
                0.0,
                0.0,
                0.0,
                1.0
            ],
            "fov": 39.33953629190312,
            "aspect": 1.7777777777777777,
            "frame_num": 928
        },
        {
            "camera_to_world": [
                0.44668317212759046,
                -0.10459654229659543,
                0.8885570681488282,
                0.9938648611065001,
                0.894681044417338,
                0.047256065810099994,
                -0.4441989828485775,
                -0.8126650714318837,
                0.004471962675329361,
                0.9933913766723734,
                0.1146890350035446,
                0.05830267117798346,
                0.0,
                0.0,
                0.0,
                1.0
            ],
            "fov": 39.33953629190312,
            "aspect": 1.7777777777777777,
            "frame_num": 927
        },
        {
            "camera_to_world": [
                0.420773271717746,
                -0.10640698327848017,
                0.9009036374647,
                1.0024879436859453,
                0.9071556670252826,
                0.044648768667860696,
                -0.4184197970933211,
                -0.7877094522731676,
                0.004298546464942952,
                0.9933197073569948,
                0.11531470817614671,
                0.05932246992725809,
                0.0,
                0.0,
                0.0,
                1.0
            ],
            "fov": 39.33953629190312,
            "aspect": 1.7777777777777777,
            "frame_num": 926
        },
        {
            "camera_to_world": [
                0.3948122237054053,
                -0.10867419856371231,
                0.9123119986380425,
                1.010863746927235,
                0.9187533747780406,
                0.0424340718465001,
                -0.3925450665079692,
                -0.7625848298652609,
                0.003946403770572884,
                0.993171318433733,
                0.1165982786542205,
                0.05974441564822921,
                0.0,
                0.0,
                0.0,
                1.0
            ],
            "fov": 39.33953629190312,
            "aspect": 1.7777777777777777,
            "frame_num": 925
        },
        {
            "camera_to_world": [
                0.36824997171811535,
                -0.11042628406649972,
                0.9231456821089963,
                1.0186598088340983,
                0.9297201374128005,
                0.03996858606882932,
                -0.3660915480805866,
                -0.7372071996927052,
                0.0035292977510305522,
                0.9930803328815098,
                0.11738397228149157,
                0.05977734369528274,
                0.0,
                0.0,
                0.0,
                1.0
            ],
            "fov": 39.33953629190312,
            "aspect": 1.7777777777777777,
            "frame_num": 924
        },
        {
            "camera_to_world": [
                0.3413844228797713,
                -0.11272699499191968,
                0.9331394626178603,
                1.0257051099312304,
                0.9399188489882544,
                0.0377274702890382,
                -0.3393069976605895,
                -0.711509995261186,
                0.0030440629489951283,
                0.9929094934661762,
                0.11883379953847795,
                0.05935710764207095,
                0.0,
                0.0,
                0.0,
                1.0
            ],
            "fov": 39.33953629190312,
            "aspect": 1.7777777777777777,
            "frame_num": 923
        },
        {
            "camera_to_world": [
                0.2858704378974554,
                -0.11675056036949948,
                0.9511295157176736,
                1.0372388353014168,
                0.9582652215572478,
                0.03231426099343196,
                -0.28404858219949897,
                -0.6591436784617193,
                0.002427779730921251,
                0.992635428950275,
                0.12111569479439364,
                0.058263672241097256,
                0.0,
                0.0,
                0.0,
                1.0
            ],
            "fov": 39.33953629190312,
            "aspect": 1.7777777777777777,
            "frame_num": 921
        },
        {
            "camera_to_world": [
                0.31411416329062886,
                -0.1152747319116745,
                0.9423608570407253,
                1.0318930683936176,
                0.9493812136508041,
                0.03525014440931012,
                -0.31214224617200864,
                -0.685504575002638,
                0.0027637534836574902,
                0.9927079948900042,
                0.12051223587418994,
                0.059007226125880406,
                0.0,
                0.0,
                0.0,
                1.0
            ],
            "fov": 39.33953629190312,
            "aspect": 1.7777777777777777,
            "frame_num": 922
        },
        {
            "camera_to_world": [
                0.2575105230583139,
                -0.11849272973246555,
                0.9589826691835437,
                1.0417311451066822,
                0.9662732594873894,
                0.02943433933974058,
                -0.2558312940719097,
                -0.6326173583181711,
                0.0020871230421650616,
                0.992518560170933,
                0.12207600944031662,
                0.056651886662999966,
                0.0,
                0.0,
                0.0,
                1.0
            ],
            "fov": 39.33953629190312,
            "aspect": 1.7777777777777777,
            "frame_num": 920
        },
        {
            "camera_to_world": [
                0.22853717826558248,
                -0.11965932622233681,
                0.9661533833082789,
                1.045554471953972,
                0.9735339362215948,
                0.02648721625064769,
                -0.22700252368517468,
                -0.6059259385081819,
                0.0015722513711251547,
                0.9924616227562737,
                0.122545729541495,
                0.054172304798703504,
                0.0,
                0.0,
                0.0,
                1.0
            ],
            "fov": 39.33953629190312,
            "aspect": 1.7777777777777777,
            "frame_num": 919
        },
        {
            "camera_to_world": [
                0.19971071486758402,
                -0.12073798960885103,
                0.9723877439128402,
                1.0487282727113627,
                0.9798539975743811,
                0.023244439911703225,
                -0.19835796633852257,
                -0.5789986958079543,
                0.0013467294984728444,
                0.9924122296241844,
                0.12294776638581267,
                0.051011356093334626,
                0.0,
                0.0,
                0.0,
                1.0
            ],
            "fov": 39.33953629190312,
            "aspect": 1.7777777777777777,
            "frame_num": 918
        },
        {
            "camera_to_world": [
                0.17058160471207892,
                -0.12174188611542025,
                0.9777938359278625,
                1.0509397260361553,
                0.9853427672424621,
                0.019806702056529762,
                -0.1694324908506911,
                -0.551914965964108,
                0.0012601557050593841,
                0.9923641505815126,
                0.12333614675138575,
                0.04768051803982136,
                0.0,
                0.0,
                0.0,
                1.0
            ],
            "fov": 39.33953629190312,
            "aspect": 1.7777777777777777,
            "frame_num": 917
        },
        {
            "camera_to_world": [
                0.14111630944391276,
                -0.12306355370188511,
                0.9823143617186937,
                1.0522958108351679,
                0.9899922479396395,
                0.016282819716911166,
                -0.14017939278204947,
                -0.5248721324393112,
