{
    "camera_type": "perspective",
    "render_height": 1080.0,
    "render_width": 1920.0,
    "fps": 30.0,
    "seconds": 6.0,
    "is_cycle": false,
    "smoothness_value": 0.0,
    "default_fov": 39.33953629190312,
    "default_transition_sec": 2.0,
    "camera_path": [
        {
            "camera_to_world": [
                0.9999032789081006,
                -0.009846516819669932,
                -0.009821543239425102,
                0.15313697599017728,
                -0.009358611803829435,
                0.046006763438162304,
                -0.9988972969882457,
                -1.2852231187153866,
                0.010287516493653785,
                0.9988925986192644,
                0.04591016529613548,
                0.061586731046067156,
                0.0,
                0.0,
                0.0,
                1.0
            ],
            "fov": 39.33953629190312,
            "aspect": 1.7777777777777777,
            "frame_num": 972
        },
        {
            "camera_to_world": [
                0.9999392229004078,
                -0.010203650376326284,
                -0.004173703461120048,
                0.15891600850634635,
                -0.003696752334338118,
                0.046323306102708704,
                -0.9989196670209606,
                -1.2850908809952126,
                0.010385966812698235,
                0.9988743847862153,
                0.04628277174930469,
                0.06274036793128161,
                0.0,
                0.0,
                0.0,
                1.0
            ],
            "fov": 39.33953629190312,
            "aspect": 1.7777777777777777,
            "frame_num": 971
        },
        {
            "camera_to_world": [
                0.9999338764075749,
                -0.010847199277465998,
                0.0038163931414700205,
                0.16678738564400547,
                0.0043171635080046875,
                0.046523800781260546,
                -0.9989078605594631,
                -1.2845813039232448,
                0.010657799531224772,
                0.9988582852334519,
                0.046567555004669574,
                0.06342522895165839,
                0.0,
                0.0,
                0.0,
                1.0
            ],
            "fov": 39.33953629190312,
            "aspect": 1.7777777777777777,
            "frame_num": 970
        },
        {
            "camera_to_world": [
                0.999827736805131,
                -0.011524373174256315,
                0.01454885955410385,
                0.17708669533114796,
                0.015075269831658713,
                0.04699086242757897,
                -0.9987815631634316,
                -1.2837915918920142,
                0.010826668002683601,
                0.9988288379002548,
                0.047156502078278775,
                0.0638365454544608,
                0.0,
                0.0,
                0.0,
                1.0
            ],
            "fov": 39.33953629190312,
            "aspect": 1.7777777777777777,
            "frame_num": 969
        },
        {
            "camera_to_world": [
                0.9995309150827938,
                -0.012596888561374166,
                0.02791508496458989,
                0.18974654333214638,
                0.02848364209683251,
                0.0474726740253451,
                -0.9984663455425806,
                -1.2824977280012337,
                0.011252365546352585,
                0.9987931033844205,
                0.04780921198684085,
                0.06411698026462995,
                0.0,
                0.0,
                0.0,
                1.0
            ],
            "fov": 39.33953629190312,
            "aspect": 1.7777777777777777,
            "frame_num": 968
        },
        {
            "camera_to_world": [
                0.9989688628388335,
                -0.013700458663441092,
                0.04328385711964686,
                0.20398698573910373,
                0.043899712579157535,
                0.04839919453778057,
                -0.99786289089781,
                -1.2808964862125558,
                0.011576275433965092,
                0.998734106330423,
                0.04895073593849906,
                0.06445005672003008,
                0.0,
                0.0,
                0.0,
                1.0
            ],
            "fov": 39.33953629190312,
            "aspect": 1.7777777777777777,
            "frame_num": 967
        },
        {
            "camera_to_world": [
                0.9980588246189327,
                -0.015259688275326835,
                0.06037970097863187,
                0.2199360969543684,
                0.061062147934483835,
                0.04912411444979131,
                -0.9969243959782127,
                -1.2788232343443864,
                0.012246656117803727,
                0.9986761051705795,
                0.049960546681619304,
                0.0649450093342943,
                0.0,
                0.0,
                0.0,
                1.0
            ],
            "fov": 39.33953629190312,
            "aspect": 1.7777777777777777,
            "frame_num": 966
        },
        {
            "camera_to_world": [
                0.9967561663914427,
                -0.016494117035669525,
                0.07877228345111927,
                0.2371274785948635,
                0.07949944118477124,
                0.0494212095038507,
                -0.9956090591843059,
                -1.276023704224551,
                0.012528670736907473,
                0.9986418216251246,
                0.050572169819890024,
                0.06469995570962198,
                0.0,
                0.0,
                0.0,
                1.0
            ],
            "fov": 39.33953629190312,
            "aspect": 1.7777777777777777,
            "frame_num": 965
        },
        {
            "camera_to_world": [
                0.9949500904223014,
                -0.017968386492956345,
                0.09874937180432451,
                0.2556721171921482,
                0.09953538558927223,
                0.04995902581568692,
                -0.9937790592392837,
                -1.2726822625667022,
                0.012923183698053925,
                0.9985896217011265,
                0.05149522893802856,
                0.06386668682567696,
                0.0,
                0.0,
                0.0,
                1.0
            ],
            "fov": 39.33953629190312,
            "aspect": 1.7777777777777777,
            "frame_num": 964
        },
        {
            "camera_to_world": [
                0.9893721074451579,
                -0.021793223376170873,
                0.1437632505220242,
                0.29669184785330294,
                0.14470892595217502,
                0.05089994108135955,
                -0.9881642265205999,
                -1.26287243866354,
                0.014217742564406374,
                0.9984659489195636,
                0.0535126573251659,
                0.06150182118064494,
                0.0,
                0.0,
                0.0,
                1.0
            ],
            "fov": 39.33953629190312,
            "aspect": 1.7777777777777777,
            "frame_num": 962
        },
        {
            "camera_to_world": [
                0.9925242786373356,
                -0.019782343782314457,
                0.1204333797838872,
                0.27558164090998305,
                0.12129289853302519,
                0.05033570276673041,
                -0.9913396822582107,
                -1.2682158207925562,
                0.01354892344917606,
                0.9985364167833967,
                0.05235886629995034,
                0.06284776387149117,
                0.0,
                0.0,
                0.0,
                1.0
            ],
            "fov": 39.33953629190312,
            "aspect": 1.7777777777777777,
            "frame_num": 963
        },
        {
            "camera_to_world": [
                0.9853531013705478,
                -0.023995458221958574,
                0.16882969934349876,
                0.318931091789575,
                0.16987363682123613,
                0.05157855501914475,
                -0.9841151436710224,
                -1.256434301480358,
                0.014906301668405945,
                0.998380624002383,
                0.05489928630369433,
                0.06024294467401062,
                0.0,
                0.0,
                0.0,
                1.0
            ],
            "fov": 39.33953629190312,
            "aspect": 1.7777777777777777,
            "frame_num": 961
        },
        {
            "camera_to_world": [
                0.9804153297361563,
                -0.02663602342828525,
                0.195131461457465,
                0.34200018379069336,
                0.19630531144213997,
                0.052626146278980816,
                -0.9791295773567464,
                -1.2490596089209212,
                0.015811101279602075,
                0.9982589898001489,
                0.056824274821461226,
                0.05952635123888502,
                0.0,
                0.0,
                0.0,
                1.0
            ],
            "fov": 39.33953629190312,
            "aspect": 1.7777777777777777,
            "frame_num": 960
        },
        {
            "camera_to_world": [
                0.9747962850559913,
                -0.028957696376338705,
                0.22120948948422003,
                0.3648855867019525,
                0.22250033548444229,
                0.053731268598502815,
                -0.9734508551085048,
                -1.240809242745578,
                0.01630302751864865,
                0.9981354629132401,
                0.05882013956265577,
                0.05934934946580885,
                0.0,
                0.0,
                0.0,
                1.0
            ],
            "fov": 39.33953629190312,
            "aspect": 1.7777777777777777,
            "frame_num": 959
        },
        {
            "camera_to_world": [
                0.9684175862579482,
                -0.031080028328228315,
                0.24738915546503001,
                0.38744474289683833,
                0.24877964416028714,
                0.05432993041148312,
                -0.9670351405922837,
                -1.2317617614440544,
                0.01661484364106317,
                0.9980392227900984,
                0.06034613983340087,
                0.0594550809996675,
                0.0,
                0.0,
                0.0,
                1.0
            ],
            "fov": 39.33953629190312,
            "aspect": 1.7777777777777777,
            "frame_num": 958
        },
        {
            "camera_to_world": [
                0.9614284572963218,
                -0.033022680103804096,
                0.2730655743147265,
                0.40969297539262656,
                0.2745478013923033,
                0.05494712989431624,
                -0.9600022570256815,
                -1.2222118695767414,
                0.016697677492749557,
                0.9979430420816895,
                0.06189403991148058,
                0.05933730924160272,
                0.0,
                0.0,
                0.0,
                1.0
            ],
            "fov": 39.33953629190312,
            "aspect": 1.7777777777777777,
            "frame_num": 957
        },
        {
            "camera_to_world": [
                0.9537955036664616,
                -0.03492849083923724,
                0.29841937184035,
                0.43161357868728517,
                0.2999932936329522,
                0.05557740813501739,
                -0.9523209497368103,
                -1.2120541893814292,
                0.01667775795031571,
                0.9978432501921235,
                0.06348779634892289,
                0.05899121616193066,
                0.0,
                0.0,
                0.0,
                1.0
            ],
            "fov": 39.33953629190312,
            "aspect": 1.7777777777777777,
            "frame_num": 956
        },
        {
            "camera_to_world": [
                0.9455427716741635,
                -0.036512324654664106,
                0.3234435048958446,
                0.4531134197500787,
                0.32507809881188965,
                0.05547961211385026,
                -0.944058397632221,
                -1.2011368740654231,
                0.01652524608499356,
                0.9977919936076403,
                0.06432770463644466,
                0.05825120703623627,
                0.0,
                0.0,
                0.0,
                1.0
            ],
            "fov": 39.33953629190312,
            "aspect": 1.7777777777777777,
            "frame_num": 955
        },
        {
            "camera_to_world": [
                0.936394851512746,
                -0.03843563053044792,
                0.3488371656552722,
                0.4743229121789685,
                0.3505540209867264,
                0.055338060748891145,
                -0.9349061948826539,
                -1.1896654461568361,
                0.016629736356604093,
                0.9977276186693024,
                0.06529204134246001,
                0.056831248506386545,
                0.0,
                0.0,
                0.0,
                1.0
            ],
            "fov": 39.33953629190312,
            "aspect": 1.7777777777777777,
            "frame_num": 954
        },
        {
            "camera_to_world": [
                0.9266854624172686,
                -0.04068301867228261,
                0.37362940129553396,
                0.49523918727194766,
                0.37545936732540425,
                0.055609408474054066,
                -0.925169105085198,
                -1.1774714500765657,
                0.016861361481334054,
                0.9976234186279276,
                0.06680725217815457,
                0.05523464866795552,
                0.0,
                0.0,
                0.0,
                1.0
            ],
            "fov": 39.33953629190312,
            "aspect": 1.7777777777777777,
            "frame_num": 953
        },
        {
            "camera_to_world": [
                0.9161419317716236,
                -0.0432972075856685,
                0.39850884110806833,
                0.5158676304342747,
                0.40048397753308074,
                0.056156022810929934,
                -0.9145813800142194,
                -1.1644774101942117,
                0.01722014775608358,
                0.9974827580600755,
                0.0687867264346576,
                0.05409853302383287,
                0.0,
                0.0,
                0.0,
                1.0
            ],
            "fov": 39.33953629190312,
            "aspect": 1.7777777777777777,
            "frame_num": 952
        },
        {
            "camera_to_world": [
                0.9047801834912218,
                -0.045658084320741685,
                0.4234243057194588,
                0.5362417358269536,
                0.42552075415726787,
                0.05615478020101951,
                -0.9032047078427894,
                -1.1508551416807111,
                0.017461297317869526,
                0.9973775512327542,
                0.07023619609862308,
                0.05332063188847864,
                0.0,
                0.0,
                0.0,
                1.0
            ],
            "fov": 39.33953629190312,
            "aspect": 1.7777777777777777,
            "frame_num": 951
        },
        {
            "camera_to_world": [
                0.8927368058410697,
                -0.04819725874034766,
                0.44799330745319654,
                0.5562814253838468,
                0.45022876867563316,
                0.05625322879191483,
                -0.8911395210261298,
                -1.1368542629589182,
                0.017749411439918237,
                0.997252524791322,
                0.07191912152093674,
                0.05239424434558587,
                0.0,
                0.0,
                0.0,
                1.0
            ],
            "fov": 39.33953629190312,
            "aspect": 1.7777777777777777,
            "frame_num": 950
        },
        {
            "camera_to_world": [
                0.8799793922749458,
                -0.050548326442066284,
                0.4723146405115752,
                0.575958541751927,
                0.4746756036195014,
                0.05617042741797264,
                -0.8783666490933711,
                -1.1222640701096276,
                0.017869848238851162,
                0.9971407871891006,
                0.07342287720658962,
                0.051595338127435476,
                0.0,
                0.0,
                0.0,
                1.0
            ],
            "fov": 39.33953629190312,
            "aspect": 1.7777777777777777,
            "frame_num": 949
        },
        {
            "camera_to_world": [
                0.8666651613551554,
                -0.05296358494171344,
                0.4960709027342955,
                0.5951969247137039,
                0.4985663954694294,
                0.05612492588487594,
                -0.8650326917697451,
                -1.10729746865463,
                0.017973289122295462,
                0.997017979305774,
                0.07504738282332254,
                0.05079198842150239,
                0.0,
                0.0,
                0.0,
                1.0
            ],
            "fov": 39.33953629190312,
            "aspect": 1.7777777777777777,
            "frame_num": 948
        },
        {
            "camera_to_world": [
                0.8526194580582168,
                -0.05552303242186768,
                0.5195740913358247,
                0.6139268860567112,
                0.5222202520861238,
                0.056181832972386374,
                -0.8509580634686655,
                -1.0917460699922004,
                0.018057146621756892,
                0.9968755159017295,
                0.07689697719035378,
                0.0504403715993902,
                0.0,
                0.0,
                0.0,
                1.0
            ],
            "fov": 39.33953629190312,
            "aspect": 1.7777777777777777,
            "frame_num": 947
        },
        {
            "camera_to_world": [
                0.837854565161559,
                -0.05734778024669279,
                0.5428728612805823,
                0.6322543442898985,
                0.545597314617405,
                0.05521630173398995,
                -0.836226492125471,
                -1.075749249646233,
                0.01798030065225661,
                0.996826159273012,
                0.07755202658179161,
                0.049771155905186534,
                0.0,
                0.0,
                0.0,
                1.0
            ],
            "fov": 39.33953629190312,
            "aspect": 1.7777777777777777,
            "frame_num": 946
        },
        {
            "camera_to_world": [
                0.8225017535770321,
                -0.05915221711455089,
                0.5656782339363912,
                0.6500574438842698,
                0.5684799229061296,
                0.05414771449349468,
                -0.8209132829325795,
                -1.059455641880636,
                0.017928656462303287,
                0.9967793336093063,
                0.07816343912800135,
                0.04784851631589355,
                0.0,
                0.0,
                0.0,
                1.0
            ],
            "fov": 39.33953629190312,
            "aspect": 1.7777777777777777,
            "frame_num": 945
        },
        {
            "camera_to_world": [
                0.8062730194238975,
                -0.062349242023076144,
                0.5882485647619329,
                0.667532556047354,
                0.591262018424258,
                0.05426293192518287,
                -0.8046519593060893,
                -1.0426509821049446,
                0.018249347122330006,
                0.9965781985958623,
                0.08061547780983158,
                0.046001471724368984,
                0.0,
                0.0,
                0.0,
                1.0
            ],
            "fov": 39.33953629190312,
            "aspect": 1.7777777777777777,
            "frame_num": 944
        },
        {
            "camera_to_world": [
                0.7892187111611664,
                -0.06534708496075424,
                0.6106255548341339,
                0.68466184639584,
                0.6138275363811168,
                0.053668366958570336,
                -0.7876137872051644,
                -1.0251869658353439,
                0.01869698787745894,
                0.9964183180512239,
                0.08246792070710457,
                0.04552610215067586,
                0.0,
                0.0,
                0.0,
                1.0
            ],
            "fov": 39.33953629190312,
            "aspect": 1.7777777777777777,
            "frame_num": 943
        },
        {
            "camera_to_world": [
                0.7714993752348244,
                -0.06804548662096857,
                0.632580832415151,
                0.7016997564345743,
                0.6359476519063819,
                0.05285414414119921,
                -0.7699201512554618,
                -1.0075700651652282,
                0.018955071982288595,
                0.9962812107359564,
                0.08405030773361727,
                0.04601406667204207,
                0.0,
                0.0,
                0.0,
                1.0
            ],
            "fov": 39.33953629190312,
            "aspect": 1.7777777777777777,
            "frame_num": 942
        },
        {
            "camera_to_world": [
                0.7532884055182137,
                -0.06986686490474285,
                0.6539687936564437,
                0.7188023926720306,
                0.6574176507196844,
                0.051358941432450275,
                -0.7517741066866579,
                -0.9903783951908974,
                0.018936954076258224,
                0.9962333461537921,
                0.08461980637537034,
                0.0464434809132478,
                0.0,
                0.0,
                0.0,
                1.0
            ],
            "fov": 39.33953629190312,
            "aspect": 1.7777777777777777,
            "frame_num": 941
        },
        {
            "camera_to_world": [
                0.7167342965588471,
                -0.07320520653458024,
                0.693493280175647,
                0.7526012472736174,
                0.6970985684826847,
                0.04870495203698171,
                -0.7153191101136891,
                -0.9564120250382502,
                0.018588525285770097,
                0.996126912117187,
                0.08593975525361477,
                0.04353038495634721,
                0.0,
                0.0,
                0.0,
                1.0
            ],
            "fov": 39.33953629190312,
            "aspect": 1.7777777777777777,
            "frame_num": 939
        },
        {
            "camera_to_world": [
                0.7350097514272468,
                -0.07162869454791579,
                0.674262544711237,
                0.7360208450383035,
                0.6777950086198961,
                0.04999920149394701,
                -0.7335489226815725,
                -0.9735355808634062,
                0.01883056195424461,
                0.9961773986747072,
                0.08529947336093921,
                0.04558041324394648,
                0.0,
                0.0,
                0.0,
                1.0
            ],
            "fov": 39.33953629190312,
            "aspect": 1.7777777777777777,
            "frame_num": 940
        },
        {
            "camera_to_world": [
                0.6980208387079146,
                -0.0744518904585214,
                0.7121964676357969,
                0.7682180484825775,
                0.7158432463443967,
                0.0471157266952546,
                -0.6966696281512973,
                -0.9385375249351111,
                0.01831271573222229,
                0.9961109496260674,
                0.0861836430364727,
                0.04005690019739878,
                0.0,
                0.0,
                0.0,
                1.0
            ],
            "fov": 39.33953629190312,
            "aspect": 1.7777777777777777,
            "frame_num": 938
        },
        {
            "camera_to_world": [
                0.6784041547987699,
                -0.07687911701064987,
                0.730655450876597,
                0.7832448231723956,
                0.7344568434469497,
                0.045972122144675345,
                -0.6770965403299816,
                -0.9200796459536846,
                0.018464801505240682,
                0.995980002313541,
                0.08765207325764393,
                0.03651547308727249,
                0.0,
                0.0,
                0.0,
                1.0
            ],
            "fov": 39.33953629190312,
            "aspect": 1.7777777777777777,
            "frame_num": 937
        },
        {
            "camera_to_world": [
                0.6581980543906729,
                -0.0788403003900009,
                0.7487052237075696,
                0.7976571084438144,
                0.7526153630330406,
                0.044355674112228585,
                -0.656964767189282,
                -0.9009090926090281,
                0.01858597364295241,
                0.9958999853704997,
                0.0885312406569256,
                0.033742306170184026,
                0.0,
                0.0,
                0.0,
                1.0
            ],
            "fov": 39.33953629190312,
            "aspect": 1.7777777777777777,
            "frame_num": 936
        },
        {
            "camera_to_world": [
                0.637161155972931,
                -0.08156156586168081,
                0.7664028679941667,
                0.8113236660284163,
                0.7705009237791065,
                0.043132301641307366,
                -0.6359779452449906,
                -0.881242422529956,
                0.018814636321882867,
                0.9957345606015637,
                0.09032548994142596,
                0.031195278850742393,
                0.0,
                0.0,
                0.0,
                1.0
            ],
            "fov": 39.33953629190312,
            "aspect": 1.7777777777777777,
            "frame_num": 935
        },
        {
            "camera_to_world": [
                0.6156322756698952,
                -0.08432712777636923,
                0.7835086600993945,
                0.8239046071690765,
                0.7878066862686189,
                0.04200286542933253,
                -0.6144887307295033,
                -0.8611093150818354,
                0.018908459810871022,
                0.9955524569091866,
                0.09229179562201496,
                0.02979586548546643,
                0.0,
                0.0,
                0.0,
                1.0
            ],
            "fov": 39.33953629190312,
            "aspect": 1.7777777777777777,
            "frame_num": 934
        },
        {
            "camera_to_world": [
                0.593233762403873,
                -0.08693312670649762,
                0.8003226339429815,
                0.8358925544693973,
                0.8047997850041203,
                0.040256653032046376,
                -0.5921796380924895,
                -0.8403440539663809,
                0.019261715808873495,
                0.9954004385191899,
                0.09384536828941271,
                0.029192250207520958,
                0.0,
                0.0,
                0.0,
                1.0
            ],
            "fov": 39.33953629190312,
            "aspect": 1.7777777777777777,
            "frame_num": 933
        },
        {
            "camera_to_world": [
                0.5703629931264065,
                -0.09014760576506525,
                0.8164309211580415,
                0.8472137963171662,
                0.8211556590276128,
                0.03869873967951488,
                -0.5693907331714466,
                -0.8191015625031206,
                0.019734362518355763,
                0.995176274009611,
                0.09609754645054487,
                0.029775225449562747,
                0.0,
                0.0,
                0.0,
                1.0
            ],
            "fov": 39.33953629190312,
            "aspect": 1.7777777777777777,
            "frame_num": 932
        },
        {
            "camera_to_world": [
                0.5222013570568318,
                -0.09519308330150622,
                0.8474927748103878,
                0.8678822034306352,
                0.8525886714133439,
                0.03501718075172402,
                -0.521408065009742,
                -0.7752307789039737,
                0.01995763250207408,
                0.9948427381069176,
                0.09944656449730092,
                0.03353320921123132,
                0.0,
                0.0,
                0.0,
                1.0
            ],
            "fov": 39.33953629190312,
            "aspect": 1.7777777777777777,
            "frame_num": 930
        },
        {
            "camera_to_world": [
                0.546589569322861,
                -0.09295552426872562,
                0.8322253883363749,
                0.8578802519202906,
                0.8371665091886894,
                0.03715731092286349,
                -0.5456845113847184,
                -0.7973621213893923,
                0.019801131167951142,
                0.9949766853432159,
                0.09812905113863875,
                0.03154546937288625,
                0.0,
                0.0,
                0.0,
                1.0
            ],
            "fov": 39.33953629190312,
            "aspect": 1.7777777777777777,
            "frame_num": 931
        },
        {
            "camera_to_world": [
                0.49755171097902523,
                -0.09789844037405465,
                0.861892205586306,
                0.8772924205281907,
                0.867205561763584,
                0.03332092301088657,
                -0.49683422342204125,
                -0.752990170016791,
                0.019920250567053373,
                0.9946384323344444,
                0.10147695497056262,
                0.03568878029084054,
                0.0,
                0.0,
                0.0,
                1.0
            ],
            "fov": 39.33953629190312,
            "aspect": 1.7777777777777777,
            "frame_num": 929
        },
        {
            "camera_to_world": [
                0.47248426820131867,
                -0.10051608102646935,
                0.8755884407263491,
                0.8860205718436456,
                0.8811145449826868,
                0.03144722058668677,
                -0.47185617169292027,
                -0.7305657339022877,
                0.01989430912340772,
                0.9944383285965895,
                0.10342449870314319,
                0.03849946982248164,
                0.0,
                0.0,
                0.0,
                1.0
            ],
            "fov": 39.33953629190312,
            "aspect": 1.7777777777777777,
            "frame_num": 928
        },
        {
            "camera_to_world": [
                0.44693393474949483,
                -0.10212466113970164,
                0.8887185129908622,
                0.8942481795092087,
                0.8943500755395909,
                0.029134462404353512,
                -0.4464181238593589,
                -0.7078762482194926,
                0.0196979622769957,
                0.9943448779452485,
                0.10435637898880738,
                0.040617808321778096,
                0.0,
                0.0,
                0.0,
                1.0
            ],
            "fov": 39.33953629190312,
            "aspect": 1.7777777777777777,
            "frame_num": 927
        },
        {
            "camera_to_world": [
                0.42102704634709903,
                -0.10393597646655656,
                0.9010735390723859,
                0.9021510644625319,
                0.9068315938721421,
                0.02652931442325577,
                -0.4206574279136341,
                -0.6850519745829158,
                0.0198165760293646,
                0.9942301081135593,
                0.10542198672214907,
                0.04194882203783556,
                0.0,
                0.0,
                0.0,
                1.0
            ],
            "fov": 39.33953629190312,
            "aspect": 1.7777777777777777,
            "frame_num": 926
        },
        {
            "camera_to_world": [
                0.39506833183434703,
                -0.10620414879600935,
                0.9124920140671895,
                0.909826252523051,
                0.9184396181818565,
                0.024318204455376406,
                -0.39481300448871376,
                -0.6620629601539478,
                0.019740610434072024,
                0.9940469321488428,
                0.10714945093016952,
                0.04273597968017611,
                0.0,
                0.0,
                0.0,
                1.0
            ],
            "fov": 39.33953629190312,
            "aspect": 1.7777777777777777,
            "frame_num": 925
        },
        {
            "camera_to_world": [
                0.3685080843973953,
                -0.10795711842394272,
                0.9233347367513125,
                0.9169698692288748,
                0.9294181234576937,
                0.021855183783570944,
                -0.36838067071649977,
                -0.6388357339751334,
                0.019589664032734457,
                0.9939152937379935,
                0.10839111488621103,
                0.04317259664436749,
                0.0,
                0.0,
                0.0,
                1.0
            ],
            "fov": 39.33953629190312,
            "aspect": 1.7777777777777777,
            "frame_num": 924
        },
        {
            "camera_to_world": [
                0.34164416546252685,
                -0.11025884897788957,
                0.933339292113934,
                0.9234252175938418,
                0.9396300176168995,
                0.019618076669627896,
                -0.3416292974679173,
                -0.6153082571857607,
                0.01935733001390712,
                0.9937092718141162,
                0.11030492615864478,
                0.043201457637903264,
                0.0,
                0.0,
                0.0,
                1.0
            ],
            "fov": 39.33953629190312,
            "aspect": 1.7777777777777777,
            "frame_num": 923
        },
        {
            "camera_to_world": [
                0.2861337698086715,
                -0.11428453889013539,
                0.9513498272044839,
                0.9339947643160188,
                0.9579970303917384,
                0.014211675870066947,
                -0.28642579118673556,
                -0.5673589159451216,
                0.019213762750826723,
                0.9933464008273161,
                0.11355068971100438,
                0.04304968022590447,
                0.0,
                0.0,
                0.0,
                1.0
            ],
            "fov": 39.33953629190312,
            "aspect": 1.7777777777777777,
            "frame_num": 921
        },
        {
            "camera_to_world": [
                0.31437584584448863,
                -0.11280774429780362,
                0.9425721320685527,
                0.9290959056405043,
                0.949102036881147,
                0.01714541399514611,
                -0.31450178726736194,
                -0.5914996554828689,
                0.019317446450026837,
                0.9934688959404115,
                0.11245616439778991,
                0.04330181534102088,
                0.0,
                0.0,
                0.0,
                1.0
            ],
            "fov": 39.33953629190312,
            "aspect": 1.7777777777777777,
            "frame_num": 922
        },
        {
            "camera_to_world": [
                0.2577752570639247,
                -0.11602776814443898,
                0.9592129365481378,
                0.9381103577801587,
                0.9660163115256568,
                0.011334758768321403,
                -0.25823250170612183,
                -0.5430520684115239,
                0.019089692242111177,
                0.9931812925444976,
                0.11500653737599131,
                0.04200751535599688,
                0.0,
                0.0,
                0.0,
                1.0
            ],
            "fov": 39.33953629190312,
            "aspect": 1.7777777777777777,
            "frame_num": 920
        },
        {
            "camera_to_world": [
                0.22880268366789655,
                -0.11719529606812953,
                0.9663925591094581,
                0.9416115727163041,
                0.9732916743975373,
                0.008389428166616811,
                -0.2294187217095606,
                -0.5185794545412307,
                0.018779312697888878,
                0.9930734512988857,
                0.11598472998368059,
                0.0401752950792997,
                0.0,
                0.0,
                0.0,
                1.0
            ],
            "fov": 39.33953629190312,
            "aspect": 1.7777777777777777,
            "frame_num": 919
        },
        {
            "camera_to_world": [
                0.1999774539578861,
                -0.11827495215018968,
                0.9726356138753333,
                0.9445166617566353,
                0.9796212628800706,
                0.0051483361503267865,
                -0.20078767834583816,
                -0.4938794581093831,
                0.01874069658597282,
                0.9929675372000359,
                0.11689420947095894,
                0.03772480473492011,
                0.0,
                0.0,
                0.0,
                1.0
            ],
            "fov": 39.33953629190312,
            "aspect": 1.7777777777777777,
            "frame_num": 918
        },
        {
            "camera_to_world": [
                0.17084969835437663,
                -0.11927989086285119,
                0.9780504444987586,
                0.9465403769292652,
                0.9851172292434088,
                0.0017122743669307564,
                -0.17187532862995283,
                -0.46903318414602985,
                0.018826578356091785,
                0.9928591921123164,
                0.11779721743298148,
                0.035123607181282046,
                0.0,
                0.0,
                0.0,
                1.0
            ],
            "fov": 39.33953629190312,
            "aspect": 1.7777777777777777,
            "frame_num": 917
        },
        {
            "camera_to_world": [
                0.1413857368318249,
                -0.12060274879778453,
                0.9825808028753641,
                0.9477808628630379,
                0.9897726149344003,
                -0.0018089175224387352,
                -0.1426426106417326,
                -0.444223205129392,
