{
    "camera_type": "perspective",
    "render_height": 1080.0,
    "render_width": 1920.0,
    "fps": 30.0,
    "seconds": 6.0,
    "is_cycle": false,
    "smoothness_value": 0.0,
    "default_fov": 39.33953629190312,
    "default_transition_sec": 2.0,
    "camera_path": [
        {
            "camera_to_world": [
                0.999910689256704,
                -0.00896267443571185,
                -0.00991216961993598,
                0.13880821477559546,
                -0.009729206132366665,
                0.020232170608430033,
                -0.9997479882142076,
                -1.1012989016827337,
                0.009160960543785733,
                0.999755137650642,
                0.020143166386067588,
                0.029572945038146285,
                0.0,
                0.0,
                0.0,
                1.0
            ],
            "fov": 39.33953629190312,
            "aspect": 1.7777777777777777,
            "frame_num": 972
        },
        {
            "camera_to_world": [
                0.9999474621326239,
                -0.009319782349346117,
                -0.00426400761233309,
                0.14412220038149623,
                -0.004071772531946917,
                0.020549116429000105,
                -0.9997805722258688,
                -1.1012052954693128,
                0.00940535900622796,
                0.9997454080859508,
                0.020510091223960036,
                0.030631655030504062,
                0.0,
                0.0,
                0.0,
                1.0
            ],
            "fov": 39.33953629190312,
            "aspect": 1.7777777777777777,
            "frame_num": 971
        },
        {
            "camera_to_world": [
                0.9999434053061024,
                -0.009963318850230987,
                0.0037263375795355096,
                0.15135948021000958,
                0.003932468316490328,
                0.020750029385570717,
                -0.999776980176723,
                -1.1007539862111606,
                0.009883775286058846,
                0.9997350519386121,
                0.020788037915847116,
                0.03126678251675333,
                0.0,
                0.0,
                0.0,
                1.0
            ],
            "fov": 39.33953629190312,
            "aspect": 1.7777777777777777,
            "frame_num": 970
        },
        {
            "camera_to_world": [
                0.9998388247455267,
                -0.01064045711075203,
                0.014459333781007474,
                0.16082872791841896,
                0.01468265323565027,
                0.021217768524157566,
                -0.9996670766363502,
                -1.100038972766739,
                0.010330119898435576,
                0.9997182565531978,
                0.02137058132372286,
                0.031655179852093235,
                0.0,
                0.0,
                0.0,
                1.0
            ],
            "fov": 39.33953629190312,
            "aspect": 1.7777777777777777,
            "frame_num": 969
        },
        {
            "camera_to_world": [
                0.9995441353403524,
                -0.011712940293293917,
                0.027826168723443272,
                0.17246812590024138,
                0.028075619988369514,
                0.021700457708552067,
                -0.9993702456123846,
                -1.0988577460899158,
                0.011101723429349914,
                0.999695905101447,
                0.022019415734590406,
                0.03193332849121443,
                0.0,
                0.0,
                0.0,
                1.0
            ],
            "fov": 39.33953629190312,
            "aspect": 1.7777777777777777,
            "frame_num": 968
        },
        {
            "camera_to_world": [
                0.9989843893206164,
                -0.012816440310748564,
                0.04319601695652166,
                0.18556074592815458,
                0.04347827097756406,
                0.022628311186886612,
                -0.9987980965157477,
                -1.0973954265860801,
                0.011823583244548139,
                0.9996617947575476,
                0.023162568734347543,
                0.0322658641399739,
                0.0,
                0.0,
                0.0,
                1.0
            ],
            "fov": 39.33953629190312,
            "aspect": 1.7777777777777777,
            "frame_num": 967
        },
        {
            "camera_to_world": [
                0.9980771909195684,
                -0.01437562521303413,
                0.06029286438103477,
                0.2002244431657734,
                0.06061780864581326,
                0.023354654830547716,
                -0.9978878090700254,
                -1.095503310194918,
                0.012937142041712016,
                0.9996238827681416,
                0.024181169622917584,
                0.032756979219845606,
                0.0,
                0.0,
                0.0,
                1.0
            ],
            "fov": 39.33953629190312,
            "aspect": 1.7777777777777777,
            "frame_num": 966
        },
        {
            "camera_to_world": [
                0.9967771985403048,
                -0.015610044648460176,
                0.07868614938886839,
                0.2160297294777635,
                0.07904183831724737,
                0.02365266903966851,
                -0.9965906768380787,
                -1.092926279824561,
                0.013695687397630536,
                0.9995983609699158,
                0.024810290243358086,
                0.032584197444591234,
                0.0,
                0.0,
                0.0,
                1.0
            ],
            "fov": 39.33953629190312,
            "aspect": 1.7777777777777777,
            "frame_num": 965
        },
        {
            "camera_to_world": [
                0.9949740970983468,
                -0.017084288865375278,
                0.09866428080478631,
                0.23307874235653522,
                0.09906114082349703,
                0.024191812492442365,
                -0.994787256002472,
                -1.089837389329921,
                0.014608364896988295,
                0.9995613481816921,
                0.025762618369063774,
                0.03188256245498425,
                0.0,
                0.0,
                0.0,
                1.0
            ],
            "fov": 39.33953629190312,
            "aspect": 1.7777777777777777,
            "frame_num": 964
        },
        {
            "camera_to_world": [
                0.9894031771473625,
                -0.02090910951542665,
                0.14368065046974524,
                0.2707901004419239,
                0.14418687663602758,
                0.025136018875419976,
                -0.9892311980921809,
                -1.0807695997741777,
                0.017072383641775764,
                0.9994653546679962,
                0.027884478552774213,
                0.029908439108196083,
                0.0,
                0.0,
                0.0,
                1.0
            ],
            "fov": 39.33953629190312,
            "aspect": 1.7777777777777777,
            "frame_num": 962
        },
        {
            "camera_to_world": [
                0.9925516890193966,
                -0.018898242789183766,
                0.12034935884190108,
                0.2513825678499047,
                0.12079554340146531,
                0.024569932921252167,
                -0.9923733134302031,
                -1.085710291470102,
                0.0157971359247889,
                0.9995194747018223,
                0.02666975435512453,
                0.031035866863260087,
                0.0,
                0.0,
                0.0,
                1.0
            ],
            "fov": 39.33953629190312,
            "aspect": 1.7777777777777777,
            "frame_num": 963
        },
        {
            "camera_to_world": [
                0.9853880773764252,
                -0.023111329475633536,
                0.16874883864398293,
                0.2912358319310459,
                0.16932589663958217,
                0.02581684630602401,
                -0.9852219391040085,
                -1.0748249402477197,
                0.018413225675478644,
                0.9993995008892539,
                0.02935296154614281,
                0.028886070825457133,
                0.0,
                0.0,
                0.0,
                1.0
            ],
            "fov": 39.33953629190312,
            "aspect": 1.7777777777777777,
            "frame_num": 961
        },
        {
            "camera_to_world": [
                0.9804545685677293,
                -0.025751863147314685,
                0.19505293550352312,
                0.31244504733122347,
                0.19572598202067495,
                0.026867512240712658,
                -0.9802905257452443,
                -1.0680324708633637,
                0.020003719932881442,
                0.9993072519514578,
                0.03138268623091563,
                0.028383624861234448,
                0.0,
                0.0,
                0.0,
                1.0
            ],
            "fov": 39.33953629190312,
            "aspect": 1.7777777777777777,
            "frame_num": 960
        },
        {
            "camera_to_world": [
                0.9748393931337397,
                -0.02807349880904047,
                0.22113345153705974,
                0.33348592700024915,
                0.22190021694604609,
                0.027975704339253497,
                -0.9746679905505619,
                -1.0604479807276574,
                0.02117597614983598,
                0.9992143133958337,
                0.03350133651049136,
                0.02839800592052809,
                0.0,
                0.0,
                0.0,
                1.0
            ],
            "fov": 39.33953629190312,
            "aspect": 1.7777777777777777,
            "frame_num": 959
        },
        {
            "camera_to_world": [
                0.9684644166624136,
                -0.03019583598291795,
                0.24731528921086887,
                0.3542271915195151,
                0.24816343567493243,
                0.028576879064671042,
                -0.9682966019225654,
                -1.0521375655664171,
                0.02217102573728164,
                0.9991354157115476,
                0.035169195294539546,
                0.028691399083697243,
                0.0,
                0.0,
                0.0,
                1.0
            ],
            "fov": 39.33953629190312,
            "aspect": 1.7777777777777777,
            "frame_num": 958
        },
        {
            "camera_to_world": [
                0.9614787420265974,
                -0.0321384905700326,
                0.2729939801245874,
                0.3746824838041014,
                0.2739216443446902,
                0.029196564282620477,
                -0.961308759718459,
                -1.043360075251132,
                0.02292452563000831,
                0.9990568970324171,
                0.03687530644744348,
                0.02879154348156249,
                0.0,
                0.0,
                0.0,
                1.0
            ],
            "fov": 39.33953629190312,
            "aspect": 1.7777777777777777,
            "frame_num": 957
        },
        {
            "camera_to_world": [
                0.9538491103767189,
                -0.03404430559039965,
                0.29835017516308143,
                0.3948364542180676,
                0.2993600150344417,
                0.029829413043040615,
                -0.9536738570569796,
                -1.0340185454871564,
                0.023567552964860725,
                0.9989750731712203,
                0.0386442652769957,
                0.028696523041619692,
                0.0,
                0.0,
                0.0,
                1.0
            ],
            "fov": 39.33953629190312,
            "aspect": 1.7777777777777777,
            "frame_num": 956
        },
        {
            "camera_to_world": [
                0.9455995368016058,
                -0.035628196633684515,
                0.3233761196109762,
                0.41460336407224563,
                0.3244413052261245,
                0.02973314310797949,
                -0.9454384262245419,
                -1.0239694846511989,
                0.0240692769989682,
                0.9989227083435533,
                0.03967490730074143,
                0.02825782216971612,
                0.0,
                0.0,
                0.0,
                1.0
            ],
            "fov": 39.33953629190312,
            "aspect": 1.7777777777777777,
            "frame_num": 955
        },
        {
            "camera_to_world": [
                0.9364550525494932,
                -0.03755157686583257,
                0.3487718176098052,
                0.4341028551384183,
                0.34990705157777696,
                0.029593507492941224,
                -0.9363168895669147,
                -1.0133950114154964,
                0.024838793475581954,
                0.9988564005014579,
                0.04085255346908127,
                0.02720758085723256,
                0.0,
                0.0,
                0.0,
                1.0
            ],
            "fov": 39.33953629190312,
            "aspect": 1.7777777777777777,
            "frame_num": 954
        },
        {
            "camera_to_world": [
                0.9267491364992777,
                -0.03979902009162725,
                0.3735666515188713,
                0.453332716972515,
                0.37479919405826667,
                0.02986769582548645,
                -0.9266248016307355,
                -1.0021522379985541,
                0.025721183142259137,
                0.9987612147913884,
                0.04259650426018868,
                0.026012365130702254,
                0.0,
                0.0,
                0.0,
                1.0
            ],
            "fov": 39.33953629190312,
            "aspect": 1.7777777777777777,
            "frame_num": 953
        },
        {
            "camera_to_world": [
                0.9162092066195205,
                -0.04241325988897767,
                0.3984492090852362,
                0.47229842481030077,
                0.39980737182615983,
                0.030418039264066103,
                -0.916094343634234,
                -0.9901850661301241,
                0.026734502894110796,
                0.9986370029637457,
                0.044826423854554015,
                0.025259563316328053,
                0.0,
                0.0,
                0.0,
                1.0
            ],
            "fov": 39.33953629190312,
            "aspect": 1.7777777777777777,
            "frame_num": 952
        },
        {
            "camera_to_world": [
                0.9048509576533506,
                -0.044774228289008615,
                0.4233674291255412,
                0.4910306686585918,
                0.4248308343935108,
                0.030419766188386536,
                -0.9047615365892868,
                -0.9776489826984806,
                0.027631260420437762,
                0.9985338811043839,
                0.046546829571832,
                0.024851082782172042,
                0.0,
                0.0,
                0.0,
                1.0
            ],
            "fov": 39.33953629190312,
            "aspect": 1.7777777777777777,
            "frame_num": 951
        },
        {
            "camera_to_world": [
                0.8928110777564069,
                -0.047313498647281765,
                0.44793948186181154,
                0.5094553881183529,
                0.44952450692871065,
                0.030521681614056367,
                -0.8927464268983657,
                -0.9647613802302758,
                0.02856708959271167,
                0.9984136743828955,
                0.048518674821592805,
                0.024315382233306912,
                0.0,
                0.0,
                0.0,
                1.0
            ],
            "fov": 39.33953629190312,
            "aspect": 1.7777777777777777,
            "frame_num": 950
        },
        {
            "camera_to_world": [
                0.8800569806341212,
                -0.049664674450991306,
                0.47226380136345775,
                0.527546944676653,
                0.47396148838141083,
                0.030442044257689014,
                -0.8800192200120066,
                -0.9513351495901812,
                0.029329191448871243,
                0.9983019119693946,
                0.05032987876204314,
                0.023911110718530304,
                0.0,
                0.0,
                0.0,
                1.0
            ],
            "fov": 39.33953629190312,
            "aspect": 1.7777777777777777,
            "frame_num": 949
        },
        {
            "camera_to_world": [
                0.8667459785386638,
                -0.05208004586434153,
                0.4960232299391372,
                0.5452351870798795,
                0.4978431103440688,
                0.030399986786543487,
                -0.8667341670917162,
                -0.9375628280940483,
                0.03006045439816264,
                0.9981801014872591,
                0.05227676047017981,
                0.02351203547926142,
                0.0,
                0.0,
                0.0,
                1.0
            ],
            "fov": 39.33953629190312,
            "aspect": 1.7777777777777777,
            "frame_num": 948
        },
        {
            "camera_to_world": [
                0.8527034560844994,
                -0.054639610045146204,
                0.51952987991558,
                0.5624564401300963,
                0.5214884602101164,
                0.03046082640314544,
                -0.852714466888166,
                -0.9232637030242999,
                0.030766675268618277,
                0.9980414101813911,
                0.054467980181491904,
                0.02354240667620049,
                0.0,
                0.0,
                0.0,
                1.0
            ],
            "fov": 39.33953629190312,
            "aspect": 1.7777777777777777,
            "frame_num": 947
        },
        {
            "camera_to_world": [
                0.8379415668044284,
                -0.05646452710837604,
                0.5428311477146449,
                0.5793074431906201,
                0.5448613303864644,
                0.02949708696639709,
                -0.8380072139473732,
                -0.9085476388742592,
                0.031305742220213185,
                0.9979687792719605,
                0.055482174718282186,
                0.023291772817968164,
                0.0,
                0.0,
                0.0,
                1.0
            ],
            "fov": 39.33953629190312,
            "aspect": 1.7777777777777777,
            "frame_num": 946
        },
        {
            "camera_to_world": [
                0.8225917163874938,
                -0.05826914451135046,
                0.5656390563407236,
                0.5956753926200591,
                0.5677393245795843,
                0.028430258329519856,
                -0.8227173377625417,
                -0.8935290393045612,
                0.031857769639808686,
                0.997896002881472,
                0.05646818179960998,
                0.02189663046296035,
                0.0,
                0.0,
                0.0,
                1.0
            ],
            "fov": 39.33953629190312,
            "aspect": 1.7777777777777777,
            "frame_num": 945
        },
        {
            "camera_to_world": [
                0.8063662577758849,
                -0.061466329777299704,
                0.5882136650517866,
                0.6117419247131936,
                0.5905073322799606,
                0.028550971096468026,
                -0.8065271047465812,
                -0.8780425123304556,
                0.032780188275560916,
                0.9977007255160157,
                0.05931886015788098,
                0.02058334697395006,
                0.0,
                0.0,
                0.0,
                1.0
            ],
            "fov": 39.33953629190312,
            "aspect": 1.7777777777777777,
            "frame_num": 944
        },
        {
            "camera_to_world": [
                0.789315308550913,
                -0.06446438996565529,
                0.6105945080353776,
                0.6274917081752648,
                0.6130556500470817,
                0.02796105202542706,
                -0.7895447977365383,
                -0.8619824848949577,
                0.03382465750539315,
                0.9975282087865154,
                0.06159034688005122,
                0.020546626752217082,
                0.0,
                0.0,
                0.0,
                1.0
            ],
            "fov": 39.33953629190312,
            "aspect": 1.7777777777777777,
            "frame_num": 943
        },
        {
            "camera_to_world": [
                0.7715991069508419,
                -0.06716301778609439,
                0.6325534873225815,
                0.6431582765455427,
                0.63516367407524,
                0.0271509283979645,
                -0.7719002347066751,
                -0.8458047786426601,
                0.0346687332699189,
                0.9973725289209965,
                0.06360914318076213,
                0.021398966077438793,
                0.0,
                0.0,
                0.0,
                1.0
            ],
            "fov": 39.33953629190312,
            "aspect": 1.7777777777777777,
            "frame_num": 942
        },
        {
            "camera_to_world": [
                0.7533909437948894,
                -0.06898463344888124,
                0.6539443197132316,
                0.6588842533241479,
                0.6566289738606691,
                0.02565765480766243,
                -0.7537772307215876,
                -0.8300165028111827,
                0.035220366810717836,
                0.9972877269924908,
                0.06462755573952404,
                0.022187359841342912,
                0.0,
                0.0,
                0.0,
                1.0
            ],
            "fov": 39.33953629190312,
            "aspect": 1.7777777777777777,
            "frame_num": 941
        },
        {
            "camera_to_world": [
                0.7168417463314466,
                -0.07232341525584676,
                0.6934747302185162,
                0.6899594630238195,
                0.6963096429344646,
                0.023007654826836872,
                -0.7173726835430083,
                -0.7987337003825318,
                0.035927613627830826,
                0.9971158291428823,
                0.06685234072721086,
                0.02028797047004868,
                0.0,
                0.0,
                0.0,
                1.0
            ],
            "fov": 39.33953629190312,
            "aspect": 1.7777777777777777,
            "frame_num": 939
        },
        {
            "camera_to_world": [
                0.7351148754514346,
                -0.07074668983629472,
                0.674241049548795,
                0.6747156210718789,
                0.6770042799625259,
                0.024300000928120343,
                -0.7355778361160461,
                -0.8145182134937781,
                0.035655637307385565,
                0.9971982857681396,
                0.0657591058202847,
                0.02177952170534805,
                0.0,
                0.0,
                0.0,
                1.0
            ],
            "fov": 39.33953629190312,
            "aspect": 1.7777777777777777,
            "frame_num": 940
        },
        {
            "camera_to_world": [
                0.6981305114460441,
                -0.07357032108376647,
                0.7121805697806901,
                0.7043163448400854,
                0.7150572282322187,
                0.021419504849010895,
                -0.6987377213824439,
                -0.7822251796793418,
                0.03615180166742893,
                0.9970599871462572,
                0.06756060151523197,
                0.017506764676739013,
                0.0,
                0.0,
                0.0,
                1.0
            ],
            "fov": 39.33953629190312,
            "aspect": 1.7777777777777777,
            "frame_num": 938
        },
        {
            "camera_to_world": [
                0.6785164097046888,
                -0.07599781168060807,
                0.7306434024273735,
                0.7181307926246128,
                0.7336628393305934,
                0.020279920776677705,
                -0.6792110136890543,
                -0.7651788295954978,
                0.036801158665654435,
                0.9969017317284383,
                0.06951703105499858,
                0.01467742575830972,
                0.0,
                0.0,
                0.0,
                1.0
            ],
            "fov": 39.33953629190312,
            "aspect": 1.7777777777777777,
            "frame_num": 937
        },
        {
            "camera_to_world": [
                0.658312804866001,
                -0.07795927653511435,
                0.7486965802519817,
                0.7313810072249606,
                0.7518143853939654,
                0.01866628651830154,
                -0.65911056567177,
                -0.7474956433765706,
                0.03740839620174167,
                0.9967817846618883,
                0.07089916268102153,
                0.012571558360499122,
                0.0,
                0.0,
                0.0,
                1.0
            ],
            "fov": 39.33953629190312,
            "aspect": 1.7777777777777777,
            "frame_num": 936
        },
        {
            "camera_to_world": [
                0.6372784610226526,
                -0.08068084669022253,
                0.7663985459428928,
                0.7439458687349778,
                0.7696903814040281,
                0.017447882069235213,
                -0.6381789140227605,
                -0.7293617838443635,
                0.03811678185818897,
                0.9965872654515149,
                0.0732184327177419,
                0.010685893748571536,
                0.0,
                0.0,
                0.0,
                1.0
            ],
            "fov": 39.33953629190312,
            "aspect": 1.7777777777777777,
            "frame_num": 935
        },
        {
            "camera_to_world": [
                0.6157519409753852,
                -0.08344671561067071,
                0.7835088767641815,
                0.7555136363795703,
                0.7869903026835204,
                0.016323817571114667,
                -0.6167494098739417,
                -0.7108263418424835,
                0.038675854778174826,
                0.9963785344393644,
                0.07572317990310169,
                0.009866892924807238,
                0.0,
                0.0,
                0.0,
                1.0
            ],
            "fov": 39.33953629190312,
            "aspect": 1.7777777777777777,
            "frame_num": 934
        },
        {
            "camera_to_world": [
                0.5933559753031045,
                -0.0860530760441168,
                0.8003271342425413,
                0.766536945654257,
                0.8039710679922445,
                0.014582388851542132,
                -0.5944896247073129,
                -0.6917287220382505,
                0.03948697749858216,
                0.9961838320741299,
                0.07783673253113671,
                0.00979474604631016,
                0.0,
                0.0,
                0.0,
                1.0
            ],
            "fov": 39.33953629190312,
            "aspect": 1.7777777777777777,
            "frame_num": 933
        },
        {
            "camera_to_world": [
                0.5704877751750005,
                -0.08926795507152685,
                0.8164403822096616,
                0.7769483257689523,
                0.8203117927614739,
                0.01303112308920196,
                -0.5717681266084538,
                -0.6722205662439368,
                0.04040143437670362,
                0.9959224002197857,
                0.08066165414719394,
                0.01082500097012148,
                0.0,
                0.0,
                0.0,
                1.0
            ],
            "fov": 39.33953629190312,
            "aspect": 1.7777777777777777,
            "frame_num": 932
        },
        {
            "camera_to_world": [
                0.5223304762128079,
                -0.0943142064041674,
                0.8475114578689102,
                0.795958451179048,
                0.851733814500108,
                0.009359937117279539,
                -0.5238911517978768,
                -0.6319918807262079,
                0.04147772224713408,
                0.9954984817956496,
                0.08521958054779412,
                0.01530219870257358,
                0.0,
                0.0,
                0.0,
                1.0
            ],
            "fov": 39.33953629190312,
            "aspect": 1.7777777777777777,
            "frame_num": 930
        },
        {
            "camera_to_world": [
                0.5467165189679734,
                -0.09207624994969581,
                0.8322397366217106,
                0.786758737745854,
                0.8363181734336012,
                0.011495658579202409,
                -0.5481238917766359,
                -0.6522837685207639,
                0.040902046608593576,
                0.9956856026107923,
                0.0832899090274902,
                0.012958738834154607,
                0.0,
                0.0,
                0.0,
                1.0
            ],
            "fov": 39.33953629190312,
            "aspect": 1.7777777777777777,
            "frame_num": 931
        },
        {
            "camera_to_world": [
                0.4976827237835496,
                -0.09701996433900492,
                0.8619158892238137,
                0.8046142937367168,
                0.8663494798955533,
                0.007669805646795021,
                -0.4993794057466676,
                -0.6116034908484226,
                0.04183904272057295,
                0.9952528853501925,
                0.08787032670553975,
                0.01780297573628377,
                0.0,
                0.0,
                0.0,
                1.0
            ],
            "fov": 39.33953629190312,
            "aspect": 1.7777777777777777,
            "frame_num": 929
        },
        {
            "camera_to_world": [
                0.47261709205579083,
                -0.09963802546291735,
                0.8756171054222337,
                0.8126436206368497,
                0.880257223855474,
                0.005802170632685229,
                -0.47446137122431103,
                -0.5910616173750368,
                0.042193912234629156,
                0.9950068360984956,
                0.09044929793311457,
                0.020910756556346475,
                0.0,
                0.0,
                0.0,
                1.0
            ],
            "fov": 39.33953629190312,
            "aspect": 1.7777777777777777,
            "frame_num": 928
        },
        {
            "camera_to_world": [
                0.44706833179682876,
                -0.10124699029874673,
                0.8887513267440322,
                0.8202122380378213,
                0.8934961860556884,
                0.0034927660200578664,
                -0.4490572393440697,
                -0.5702596825341787,
                0.04236149138898241,
                0.9948551918363554,
                0.09202530593562394,
                0.023388916037781045,
                0.0,
                0.0,
                0.0,
                1.0
            ],
            "fov": 39.33953629190312,
            "aspect": 1.7777777777777777,
            "frame_num": 927
        },
        {
            "camera_to_world": [
                0.4211631946458697,
                -0.10305874733943744,
                0.9011106620176802,
                0.8274816970428825,
                0.9059733029664347,
                0.0008916406307065165,
                -0.42333393132009045,
                -0.5493151702061042,
                0.04282479562475032,
                0.9946748738931388,
                0.09374400105799896,
                0.02514693675576878,
                0.0,
                0.0,
                0.0,
                1.0
            ],
            "fov": 39.33953629190312,
            "aspect": 1.7777777777777777,
            "frame_num": 926
        },
        {
            "camera_to_world": [
                0.3952059458807823,
                -0.10532736964628253,
                0.9125340391861027,
                0.8345414000643734,
                0.9175822399741298,
                -0.0013137641466695366,
                -0.3975438906909211,
                -0.5282063341344949,
                0.04307110463420691,
                0.9944367372537517,
                0.09612731742172702,
                0.026409212266389384,
                0.0,
                0.0,
                0.0,
                1.0
            ],
            "fov": 39.33953629190312,
            "aspect": 1.7777777777777777,
            "frame_num": 925
        },
        {
            "camera_to_world": [
                0.36864701599994554,
                -0.10708077719961623,
                0.9233813144514534,
                0.8411121407346596,
                0.9285638662041324,
                -0.003772380799081827,
                -0.3711535445620721,
                -0.5068702032729567,
                0.04322675372976016,
                0.9942431701892155,
                0.09804066453814564,
                0.02735539910018201,
                0.0,
                0.0,
                0.0,
                1.0
            ],
            "fov": 39.33953629190312,
            "aspect": 1.7777777777777777,
            "frame_num": 924
        },
        {
            "camera_to_world": [
                0.3417842427039285,
                -0.10938298120272423,
                0.9333910552345885,
                0.8470498186530928,
                0.9387812681009082,
                -0.006003181265554452,
                -0.34446150814770776,
                -0.485248388078731,
                0.043281540116923235,
                0.9939815543562037,
                0.10063490196610586,
                0.02793451098247773,
                0.0,
                0.0,
                0.0,
                1.0
            ],
            "fov": 39.33953629190312,
            "aspect": 1.7777777777777777,
            "frame_num": 923
        },
        {
            "camera_to_world": [
                0.2862761515388593,
                -0.11340969726221244,
                0.9514116736494379,
                0.8567727427272579,
                0.9571518928136419,
                -0.011397989492664967,
                -0.2893620189946103,
                -0.44117756206693426,
                0.043660636933925516,
                0.9934829296766903,
                0.10528733462548986,
                0.028923295920007405,
                0.0,
                0.0,
                0.0,
                1.0
            ],
            "fov": 39.33953629190312,
            "aspect": 1.7777777777777777,
            "frame_num": 921
        },
        {
            "camera_to_world": [
                0.31451714099692135,
                -0.11193241094771975,
                0.9426293388856428,
                0.8522661993445237,
                0.9482541219269169,
                -0.008468546203336107,
                -0.3173994991988212,
                -0.46336981939735433,
                0.04350998901275508,
                0.9936797392812894,
                0.10347686798011542,
                0.028586633997589,
                0.0,
                0.0,
                0.0,
                1.0
            ],
            "fov": 39.33953629190312,
            "aspect": 1.7777777777777777,
            "frame_num": 922
        },
        {
            "camera_to_world": [
                0.2579185926800418,
                -0.11515344812849523,
                0.9592797558916252,
                0.8605585615865208,
                0.9651747809488626,
                -0.014269502823807042,
                -0.2612165033594283,
                -0.41881383244102593,
                0.04376842393489428,
                0.9932452213982979,
                0.10746283471366772,
                0.028538447395592567,
                0.0,
                0.0,
                0.0,
                1.0
            ],
            "fov": 39.33953629190312,
            "aspect": 1.7777777777777777,
            "frame_num": 920
        },
        {
            "camera_to_world": [
                0.22894671215050602,
                -0.11632145654148526,
                0.9664640132322431,
                0.8637789242898201,
                0.9724588695183489,
                -0.01721094617032999,
                -0.23243831126745654,
                -0.3962789607495978,
                0.04367132068952153,
                0.9930624890931822,
                0.10917744324851102,
                0.027431919821777617,
                0.0,
                0.0,
                0.0,
                1.0
            ],
            "fov": 39.33953629190312,
            "aspect": 1.7777777777777777,
            "frame_num": 919
        },
        {
            "camera_to_world": [
                0.20012229005787716,
                -0.11740163023490911,
                0.9727116188108417,
                0.8664507578763451,
                0.9787904737892443,
                -0.0204481117913783,
                -0.2038409214594643,
                -0.37352039278835275,
                0.043821370052138965,
                0.9928739784665909,
                0.11081947491155496,
                0.025763040106225647,
                0.0,
                0.0,
                0.0,
                1.0
            ],
            "fov": 39.33953629190312,
            "aspect": 1.7777777777777777,
            "frame_num": 918
        },
        {
            "camera_to_world": [
                0.17099534229544325,
                -0.11840711428975248,
                0.9781310317786003,
                0.868312183449036,
                0.9842855553227109,
                -0.023880127743459743,
                -0.17496206217311294,
                -0.3506237260935852,
                0.044074644507292086,
                0.9926779437312698,
                0.11246302214510032,
                0.023959834328018223,
                0.0,
                0.0,
                0.0,
                1.0
            ],
            "fov": 39.33953629190312,
            "aspect": 1.7777777777777777,
            "frame_num": 917
        },
        {
            "camera_to_world": [
                0.14153213832223477,
                -0.11973057398609589,
                0.9826663780776909,
                0.8694534898234513,
                0.9889386175948269,
                -0.02739587913650471,
