{
    "camera_type": "perspective",
    "render_height": 1080.0,
    "render_width": 1920.0,
    "fps": 30.0,
    "seconds": 6.0,
    "is_cycle": false,
    "smoothness_value": 0.0,
    "default_fov": 39.33953629190312,
    "default_transition_sec": 2.0,
    "camera_path": [
        {
            "camera_to_world": [
                0.9998992213617572,
                -0.01028217701314838,
                -0.009790339523347945,
                0.1690304868060537,
                -0.009208410016723532,
                0.055194305906901296,
                -0.9984331563944208,
                -1.3493388386419787,
                0.010806437385045522,
                0.9984226890317746,
                0.05509405854489313,
                0.07030146629444062,
                0.0,
                0.0,
                0.0,
                1.0
            ],
            "fov": 39.33953629190312,
            "aspect": 1.7777777777777777,
            "frame_num": 972
        },
        {
            "camera_to_world": [
                0.9999348329012719,
                -0.010639318841454718,
                -0.004142660649371497,
                0.1749801600031192,
                -0.003545882553101624,
                0.05551064789532665,
                -0.9984517858637278,
                -1.349191433765927,
                0.010852808628731869,
                0.9984014089572315,
                0.055469302198854924,
                0.07149054675887058,
                0.0,
                0.0,
                0.0,
                1.0
            ],
            "fov": 39.33953629190312,
            "aspect": 1.7777777777777777,
            "frame_num": 971
        },
        {
            "camera_to_world": [
                0.9999289583820197,
                -0.011282870971514088,
                0.003847311223411494,
                0.18308433819960132,
                0.0044701945635705325,
                0.0557109504640575,
                -0.9984369190721373,
                -1.3486598516962167,
                0.01105089754010529,
                0.9983831866396746,
                0.05575742684262898,
                0.07219434665585474,
                0.0,
                0.0,
                0.0,
                1.0
            ],
            "fov": 39.33953629190312,
            "aspect": 1.7777777777777777,
            "frame_num": 970
        },
        {
            "camera_to_world": [
                0.9998221949921595,
                -0.01196005594611833,
                0.014579514902293936,
                0.19368846666336398,
                0.015229393103788775,
                0.05617768405526717,
                -0.9983046165410551,
                -1.3478423031550675,
                0.011120735683538833,
                0.9983491500577699,
                0.056349837321234005,
                0.07261494167448236,
                0.0,
                0.0,
                0.0,
                1.0
            ],
            "fov": 39.33953629190312,
            "aspect": 1.7777777777777777,
            "frame_num": 969
        },
        {
            "camera_to_world": [
                0.9995245024609721,
                -0.013032580409365497,
                0.027945440057017778,
                0.2067230795602201,
                0.02864109772491184,
                0.056659087321478174,
                -0.9979826698657225,
                -1.3465067985019488,
                0.011422926296784104,
                0.9983085195562472,
                0.057005411020158867,
                0.07289706167648488,
                0.0,
                0.0,
                0.0,
                1.0
            ],
            "fov": 39.33953629190312,
            "aspect": 1.7777777777777777,
            "frame_num": 968
        },
        {
            "camera_to_world": [
                0.9989615208386586,
                -0.014136172252105495,
                0.043313685016784516,
                0.22138506106885103,
                0.044059464446423086,
                0.057584964937397926,
                -0.9973678907069143,
                -1.344854237003515,
                0.011604747339460835,
                0.9982405226179815,
                0.05814799387692418,
                0.0732311736077648,
                0.0,
                0.0,
                0.0,
                1.0
            ],
            "fov": 39.33953629190312,
            "aspect": 1.7777777777777777,
            "frame_num": 967
        },
        {
            "camera_to_world": [
                0.998050313602007,
                -0.015695413686162656,
                0.0604090415427689,
                0.23780622142610672,
                0.061227290502695646,
                0.058309234516466094,
                -0.9964192019803255,
                -1.342714075559711,
                0.012116806722286213,
                0.9981751788696097,
                0.059156534996748604,
                0.07372824013946712,
                0.0,
                0.0,
                0.0,
                1.0
            ],
            "fov": 39.33953629190312,
            "aspect": 1.7777777777777777,
            "frame_num": 966
        },
        {
            "camera_to_world": [
                0.996746589614487,
                -0.016929842687278863,
                0.07880129003026601,
                0.25550673791511136,
                0.07966632575729361,
                0.05860593347841752,
                -0.9950972792188523,
                -1.3398330959358655,
                0.012228617391891374,
                0.9981376285570243,
                0.05976400023916661,
                0.0734570896259284,
                0.0,
                0.0,
                0.0,
                1.0
            ],
            "fov": 39.33953629190312,
            "aspect": 1.7777777777777777,
            "frame_num": 965
        },
        {
            "camera_to_world": [
                0.99493931731179,
                -0.01840411691455354,
                0.0987778828468462,
                0.27460082617646536,
                0.09970495171015724,
                0.059143165439628914,
                -0.9932577624129411,
                -1.3363996732029924,
                0.012437995525461987,
                0.9980798440097536,
                0.06067883978883606,
                0.07257579813314897,
                0.0,
                0.0,
                0.0,
                1.0
            ],
            "fov": 39.33953629190312,
            "aspect": 1.7777777777777777,
            "frame_num": 964
        },
        {
            "camera_to_world": [
                0.9893584614439745,
                -0.022228948018536584,
                0.14379059576746117,
                0.3168360151466093,
                0.1448881817120032,
                0.060082692053868327,
                -0.9876221235488076,
                -1.3263198016012325,
                0.013314475077765916,
                0.9979458625334808,
                0.0626640291958257,
                0.0700663675194321,
                0.0,
                0.0,
                0.0,
                1.0
            ],
            "fov": 39.33953629190312,
            "aspect": 1.7777777777777777,
            "frame_num": 962
        },
        {
            "camera_to_world": [
                0.992512120835235,
                -0.020218070266597447,
                0.12046138975538846,
                0.29510024825493564,
                0.12146716645294098,
                0.059519236879053014,
                -0.9908093469091496,
                -1.3318096602844145,
                0.012862483264890062,
                0.9980223898464488,
                0.061529393291241706,
                0.07149331406806086,
                0.0,
                0.0,
                0.0,
                1.0
            ],
            "fov": 39.33953629190312,
            "aspect": 1.7777777777777777,
            "frame_num": 963
        },
        {
            "camera_to_world": [
                0.9853378691831173,
                -0.02443118041660543,
                0.16885623402494115,
                0.3397341621848964,
                0.17005794016707923,
                0.06076037076456699,
                -0.9835590721141201,
                -1.3197019222683097,
                0.013769742134702471,
                0.9978533436002248,
                0.06402420805241972,
                0.068719195453162,
                0.0,
                0.0,
                0.0,
                1.0
            ],
            "fov": 39.33953629190312,
            "aspect": 1.7777777777777777,
            "frame_num": 961
        },
        {
            "camera_to_world": [
                0.9803983527916346,
                -0.027071746274618728,
                0.19515690402610072,
                0.36348644410886266,
                0.1964965475024431,
                0.061806652939561724,
                -0.9785545556990347,
                -1.3121146054766197,
                0.014429186055277255,
                0.9977209323140788,
                0.06591464299722713,
                0.0679218425922558,
                0.0,
                0.0,
                0.0,
                1.0
            ],
            "fov": 39.33953629190312,
            "aspect": 1.7777777777777777,
            "frame_num": 960
        },
        {
            "camera_to_world": [
                0.9747777546142931,
                -0.029393422021030822,
                0.22123377373938946,
                0.3870493093148678,
                0.22269467817218447,
                0.06291046391612817,
                -0.9728562729668505,
                -1.3036206165886715,
                0.014677656164874282,
                0.9975862372991773,
                0.06786947701374582,
                0.0676716624769479,
                0.0,
                0.0,
                0.0,
                1.0
            ],
            "fov": 39.33953629190312,
            "aspect": 1.7777777777777777,
            "frame_num": 959
        },
        {
            "camera_to_world": [
                0.9683975761913777,
                -0.03151574270470982,
                0.24741244750496233,
                0.41027609677766597,
                0.24897539094822366,
                0.06350809787301831,
                -0.9664253464257015,
                -1.2943032786565287,
                0.014744919202188251,
                0.9974835738235341,
                0.06934773002266012,
                0.06770488090533373,
                0.0,
                0.0,
                0.0,
                1.0
            ],
            "fov": 39.33953629190312,
            "aspect": 1.7777777777777777,
            "frame_num": 958
        },
        {
            "camera_to_world": [
                0.9614070931374916,
                -0.03345838419978315,
                0.27308783309334517,
                0.43318282498135335,
                0.27474283356416834,
                0.06412427917317368,
                -0.9593771032461422,
                -1.2844708065134451,
                0.014587647900161016,
                0.9973808770640691,
                0.07084198574993303,
                0.06750308816959698,
                0.0,
                0.0,
                0.0,
                1.0
            ],
            "fov": 39.33953629190312,
            "aspect": 1.7777777777777777,
            "frame_num": 957
        },
        {
            "camera_to_world": [
                0.953772846548288,
                -0.035364183760253624,
                0.29844054430674677,
                0.4557522902412423,
                0.30018664398250583,
                0.06475350748598027,
                -0.951680059710242,
                -1.2740147525024907,
                0.014330317190557228,
                0.997274464912029,
                0.07237599044564953,
                0.06706031808174129,
                0.0,
                0.0,
                0.0,
                1.0
            ],
            "fov": 39.33953629190312,
            "aspect": 1.7777777777777777,
            "frame_num": 956
        },
        {
            "camera_to_world": [
                0.9455188976172894,
                -0.036947990219542676,
                0.3234638883388425,
                0.47788866707977246,
                0.32526852854465244,
                0.06465515666441175,
                -0.9434087497274991,
                -1.2627803529754371,
                0.013943449641713358,
                0.9972234239771749,
                0.0731506885317769,
                0.06620459861222137,
                0.0,
                0.0,
                0.0,
                1.0
            ],
            "fov": 39.33953629190312,
            "aspect": 1.7777777777777777,
            "frame_num": 955
        },
        {
            "camera_to_world": [
                0.9363696290838742,
                -0.038871260784371385,
                0.34885666054458747,
                0.4997263702554776,
                0.3507438286358456,
                0.06451291293368704,
                -0.9342466616188604,
                -1.250981910769576,
                0.01380958707487583,
                0.9971595207121748,
                0.07404178487335217,
                0.06464344220277189,
                0.0,
                0.0,
                0.0,
                1.0
            ],
            "fov": 39.33953629190312,
            "aspect": 1.7777777777777777,
            "frame_num": 954
        },
        {
            "camera_to_world": [
                0.9266588657074669,
                -0.04111861744566319,
                0.37364773878222374,
                0.5212622124304745,
                0.3756497157484787,
                0.06478316653145248,
                -0.9244946762418654,
                -1.238441220803448,
                0.013807860120752077,
                0.997051854837996,
                0.0754780902801766,
                0.06289344492871742,
                0.0,
                0.0,
                0.0,
                1.0
            ],
            "fov": 39.33953629190312,
            "aspect": 1.7777777777777777,
            "frame_num": 953
        },
        {
            "camera_to_world": [
                0.9161138995783945,
                -0.04373277312197743,
                0.39852577626332913,
                0.5425014498698567,
                0.40067598557659084,
                0.06532831940574976,
                -0.913887815474719,
                -1.2250724805381903,
                0.013931830234904768,
                0.9969050385306797,
                0.07737085115077032,
                0.061609843342743276,
                0.0,
                0.0,
                0.0,
                1.0
            ],
            "fov": 39.33953629190312,
            "aspect": 1.7777777777777777,
            "frame_num": 952
        },
        {
            "camera_to_world": [
                0.9047507662816759,
                -0.04609360398167685,
                0.4234400280755954,
                0.5634786234920964,
                0.4257132938864705,
                0.06532597868830718,
                -0.9024969151881093,
                -1.2110535533432811,
                0.013937702160093577,
                0.9967988246357998,
                0.07872638701559248,
                0.0606889857051557,
                0.0,
                0.0,
                0.0,
                1.0
            ],
            "fov": 39.33953629190312,
            "aspect": 1.7777777777777777,
            "frame_num": 951
        },
        {
            "camera_to_world": [
                0.8927060001172444,
                -0.04863272901690814,
                0.4480076805312584,
                0.5841115229483234,
                0.450422248495477,
                0.06542313276985302,
                -0.8904154006788981,
                -1.1966462443361452,
                0.013993265995774164,
                0.9966717975284082,
                0.08030888411382686,
                0.05961151460843687,
                0.0,
                0.0,
                0.0,
                1.0
            ],
            "fov": 39.33953629190312,
            "aspect": 1.7777777777777777,
            "frame_num": 950
        },
        {
            "camera_to_world": [
                0.8799472841916016,
                -0.05098374383727185,
                0.4723277058358115,
                0.6043710225645192,
                0.4748684525324644,
                0.06533917719853344,
                -0.8776278930843913,
                -1.1816310055928283,
                0.013883253145697291,
                0.9965598077461909,
                0.0817056008870387,
                0.058659550838713444,
                0.0,
                0.0,
                0.0,
                1.0
            ],
            "fov": 39.33953629190312,
            "aspect": 1.7777777777777777,
            "frame_num": 949
        },
        {
            "camera_to_world": [
                0.8666317867813504,
                -0.05339894655748439,
                0.49608257925336896,
                0.6241787765565044,
                0.4987584499392237,
                0.06529241449855668,
                -0.8642782441034125,
                -1.1662282931984582,
                0.013761119564068431,
                0.9964363771711705,
                0.08321765550459116,
                0.05769925081684368,
                0.0,
                0.0,
                0.0,
                1.0
            ],
            "fov": 39.33953629190312,
            "aspect": 1.7777777777777777,
            "frame_num": 948
        },
        {
            "camera_to_world": [
                0.8525848376680907,
                -0.05595833496196788,
                0.5195842435243011,
                0.6434628179678338,
                0.5224113016238764,
                0.0653478672935471,
                -0.8501858986028518,
                -1.1502192383145606,
                0.01362126634518012,
                0.9962922872483752,
                0.08494786531690836,
                0.05719827692034918,
                0.0,
                0.0,
                0.0,
                1.0
            ],
            "fov": 39.33953629190312,
            "aspect": 1.7777777777777777,
            "frame_num": 947
        },
        {
            "camera_to_world": [
                0.8378187828841533,
                -0.057783011830984755,
                0.5428819737127178,
                0.6623325533471092,
                0.5457858527635087,
                0.06438182218968917,
                -0.8354476392342318,
                -1.1337546200555806,
                0.013322951423070656,
                0.9962510251746819,
                0.08547744821365783,
                0.05636591245090901,
                0.0,
                0.0,
                0.0,
                1.0
            ],
            "fov": 39.33953629190312,
            "aspect": 1.7777777777777777,
            "frame_num": 946
        },
        {
            "camera_to_world": [
                0.8224648238271074,
                -0.059587373568579995,
                0.5656862958126208,
                0.6806629438620684,
                0.5686661700288079,
                0.06331274985353735,
                -0.8201281953317158,
                -1.116996340177671,
                0.01305413156611958,
                0.996213250899432,
                0.08595783111959251,
                0.05424000960652974,
                0.0,
                0.0,
                0.0,
                1.0
            ],
            "fov": 39.33953629190312,
            "aspect": 1.7777777777777777,
            "frame_num": 945
        },
        {
            "camera_to_world": [
                0.8062347858958919,
                -0.06278431688736064,
                0.5882547291406618,
                0.698655571950501,
                0.5914493560242335,
                0.06342593556075946,
                -0.8038437559402127,
                -1.0997111967755833,
                0.01315817597245107,
                0.9960096791258364,
                0.08826993736301729,
                0.05218695004536346,
                0.0,
                0.0,
                0.0,
                1.0
            ],
            "fov": 39.33953629190312,
            "aspect": 1.7777777777777777,
            "frame_num": 944
        },
        {
            "camera_to_world": [
                0.7891791299300698,
                -0.0657820598227942,
                0.6106300420715057,
                0.7162914883231456,
                0.6140170960570526,
                0.06282975946350142,
                -0.7867880280499501,
                -1.081734222967655,
                0.01339079993557489,
                0.9958539765456528,
                0.08997524228720277,
                0.05153973166679419,
                0.0,
                0.0,
                0.0,
                1.0
            ],
            "fov": 39.33953629190312,
            "aspect": 1.7777777777777777,
            "frame_num": 943
        },
        {
            "camera_to_world": [
                0.7714585513702822,
                -0.06848036014070419,
                0.6325837261458953,
                0.733832879577571,
                0.6361376718705297,
                0.06201416085394089,
                -0.769079371903856,
                -1.06359072309738,
                0.01343768494372545,
                0.9957231968813344,
                0.09140428964284572,
                0.05188284833281918,
                0.0,
                0.0,
                0.0,
                1.0
            ],
            "fov": 39.33953629190312,
            "aspect": 1.7777777777777777,
            "frame_num": 942
        },
        {
            "camera_to_world": [
                0.7532464921388651,
                -0.0703016410103974,
                0.6539705101483553,
                0.751440962642016,
                0.6576055902614244,
                0.06051848062189372,
                -0.7509276763893096,
                -1.0458855808164533,
                0.013214147863515954,
                0.995688301356308,
                0.09181608349181382,
                0.05216974010765756,
                0.0,
                0.0,
                0.0,
                1.0
            ],
            "fov": 39.33953629190312,
            "aspect": 1.7777777777777777,
            "frame_num": 941
        },
        {
            "camera_to_world": [
                0.7166905063671523,
                -0.07363980040690357,
                0.6934925555989669,
                0.7862403802899683,
                0.6972796056508398,
                0.0578634402395291,
                -0.7144598993885956,
                -1.0109403511251036,
                0.012484821019605259,
                0.9956048426817181,
                0.09281770748173214,
                0.048863815647523436,
                0.0,
                0.0,
                0.0,
                1.0
            ],
            "fov": 39.33953629190312,
            "aspect": 1.7777777777777777,
            "frame_num": 939
        },
        {
            "camera_to_world": [
                0.7349668427458091,
                -0.07206337666989406,
                0.6742630322056448,
                0.7691688877164604,
                0.6779800981314025,
                0.05915818634433033,
                -0.7326958915767778,
                -1.0285518481101932,
                0.0129123635443055,
                0.9956441027893127,
                0.09233683879096552,
                0.051129281984848236,
                0.0,
                0.0,
                0.0,
                1.0
            ],
            "fov": 39.33953629190312,
            "aspect": 1.7777777777777777,
            "frame_num": 940
        },
        {
            "camera_to_world": [
                0.6979762102891518,
                -0.07488639598636058,
                0.7121946815011526,
                0.8023203281800209,
                0.7160199199554834,
                0.05627406656434046,
                -0.6958079315921614,
                -0.9925692398670262,
                0.012028459106014865,
                0.9956029619392036,
                0.09289810923137437,
                0.04512525169441767,
                0.0,
                0.0,
                0.0,
                1.0
            ],
            "fov": 39.33953629190312,
            "aspect": 1.7777777777777777,
            "frame_num": 938
        },
        {
            "camera_to_world": [
                0.6783585093122934,
                -0.07731350703235476,
                0.7306520247463362,
                0.8177927738016989,
                0.7346330459586774,
                0.055129171801691655,
                -0.6762211444558955,
                -0.9735981737647302,
                0.012000788977933087,
                0.9954814899073396,
                0.09419439826823366,
                0.04131094661917624,
                0.0,
                0.0,
                0.0,
                1.0
            ],
            "fov": 39.33953629190312,
            "aspect": 1.7777777777777777,
            "frame_num": 937
        },
        {
            "camera_to_world": [
                0.6581514285783959,
                -0.07927457283533444,
                0.7487003846359052,
                0.8326321494258437,
                0.7527907967893042,
                0.05351194785913741,
                -0.6560811395802747,
                -0.9538861137794339,
                0.01194613795600658,
                0.9954154982942583,
                0.09489613212810007,
                0.03828059739189597,
                0.0,
                0.0,
                0.0,
                1.0
            ],
            "fov": 39.33953629190312,
            "aspect": 1.7777777777777777,
            "frame_num": 936
        },
        {
            "camera_to_world": [
                0.6371135172368213,
                -0.08199570374118947,
                0.7663961752997428,
                0.8467035833203795,
                0.7706765434456679,
                0.05228695513350566,
                -0.6350777225763876,
                -0.9336611649078603,
                0.012001124220271024,
                0.995260156746149,
                0.09650488982650139,
                0.03547804341279908,
                0.0,
                0.0,
                0.0,
                1.0
            ],
            "fov": 39.33953629190312,
            "aspect": 1.7777777777777777,
            "frame_num": 935
        },
        {
            "camera_to_world": [
                0.6155837122087536,
                -0.08476112865883645,
                0.7835000134803641,
                0.8596567099326156,
                0.7879812487073519,
                0.05115573879571287,
                -0.6135703839668057,
                -0.912945174706055,
                0.011926398123347526,
                0.9950872535522602,
                0.09828081804181232,
                0.03385214052531708,
                0.0,
                0.0,
                0.0,
                1.0
            ],
            "fov": 39.33953629190312,
            "aspect": 1.7777777777777777,
            "frame_num": 934
        },
        {
            "camera_to_world": [
                0.5931841777439838,
                -0.08736697209101826,
                0.8003121705021118,
                0.8719988907228966,
                0.804975642319695,
                0.049408057983718015,
                -0.5912470152868242,
                -0.8915708305883662,
                0.012113593303223239,
                0.9949501780126929,
                0.09963636122992123,
                0.03303931813556103,
                0.0,
                0.0,
                0.0,
                1.0
            ],
            "fov": 39.33953629190312,
            "aspect": 1.7777777777777777,
            "frame_num": 933
        },
        {
            "camera_to_world": [
                0.5703123681222861,
                -0.09058127394677537,
                0.8164183133473244,
                0.8836540645160859,
                0.8213339105733625,
                0.047847970916732395,
                -0.5684374662429688,
                -0.869693939959041,
                0.012425832124152974,
                0.9947389633640563,
                0.10168576011797141,
                0.03344336075885242,
                0.0,
                0.0,
                0.0,
                1.0
            ],
            "fov": 39.33953629190312,
            "aspect": 1.7777777777777777,
            "frame_num": 932
        },
        {
            "camera_to_world": [
                0.5221490301862332,
                -0.09562641802442037,
                0.8474762564481412,
                0.9049306367742643,
                0.8527649892911761,
                0.0441632209558206,
                -0.5204243047373309,
                -0.8244889323453773,
                0.01233903301079472,
                0.9944371266460299,
                0.10460664300937693,
                0.03690612888538783,
                0.0,
                0.0,
                0.0,
                1.0
            ],
            "fov": 39.33953629190312,
            "aspect": 1.7777777777777777,
            "frame_num": 930
        },
        {
            "camera_to_world": [
                0.5465380977622716,
                -0.09338902678193749,
                0.8322106849608938,
                0.894634502200289,
                0.8373433856129721,
                0.04630461627805662,
                -0.5447126867338908,
                -0.847294193228002,
                0.012334993285940135,
                0.9945523480156582,
                0.1035059193791441,
                0.03506478513446337,
                0.0,
                0.0,
                0.0,
                1.0
            ],
            "fov": 39.33953629190312,
            "aspect": 1.7777777777777777,
            "frame_num": 931
        },
        {
            "camera_to_world": [
                0.49749865413126554,
                -0.09833159946651053,
                0.8618735478455629,
                0.9146174302784192,
                0.8673795570037689,
                0.04246500614846016,
                -0.4958320293729153,
                -0.801569617364947,
                0.012156493107375411,
                0.9942472632952968,
                0.1064171013253401,
                0.03891896832966128,
                0.0,
                0.0,
                0.0,
                1.0
            ],
            "fov": 39.33953629190312,
            "aspect": 1.7777777777777777,
            "frame_num": 929
        },
        {
            "camera_to_world": [
                0.4724305126714319,
                -0.10094905723706618,
                0.8755676589115864,
                0.9236016543484136,
                0.8812863297697848,
                0.04058939767008331,
                -0.4708363619825775,
                -0.77845487156805,
                0.011991725096215156,
                0.9940632723421877,
                0.10814069289080228,
                0.04160425527125156,
                0.0,
                0.0,
                0.0,
                1.0
            ],
            "fov": 39.33953629190312,
            "aspect": 1.7777777777777777,
            "frame_num": 928
        },
        {
            "camera_to_world": [
                0.4468795889564989,
                -0.10255747833918488,
                0.8886960241852879,
                0.9320708049709752,
                0.8945180839857483,
                0.03827578892083675,
                -0.4453900935273024,
                -0.7550738243957205,
                0.011662545601986726,
                0.9939904065942614,
                0.10884418669823867,
                0.043573981317637824,
                0.0,
                0.0,
                0.0,
                1.0
            ],
            "fov": 39.33953629190312,
            "aspect": 1.7777777777777777,
            "frame_num": 927
        },
        {
            "camera_to_world": [
                0.4209720122778632,
                -0.10436861042901958,
                0.9010492688126445,
                0.9402059598157317,
                0.9069987359449727,
                0.03566959542941935,
                -0.4196200030544642,
                -0.7315614795437269,
                0.011655095946979168,
                0.9938988247823105,
                0.1096780980148406,
                0.0447316763066839,
                0.0,
                0.0,
                0.0,
                1.0
            ],
            "fov": 39.33953629190312,
            "aspect": 1.7777777777777777,
            "frame_num": 926
        },
        {
            "camera_to_world": [
                0.39501273859942676,
                -0.10663658997876815,
                0.9124656710330759,
                0.9481069080849172,
                0.9186041378376497,
                0.03345676871213754,
                -0.3937601510846381,
                -0.7078846865161221,
                0.011461089097469032,
                0.9937350165389809,
                0.11117266161388652,
                0.04532776892029702,
                0.0,
                0.0,
                0.0,
                1.0
            ],
            "fov": 39.33953629190312,
            "aspect": 1.7777777777777777,
            "frame_num": 925
        },
        {
            "camera_to_world": [
                0.368451996782345,
                -0.10838937632993861,
                0.9233065016330548,
                0.9554606849755832,
                0.9295793243309899,
                0.030992544535451628,
                -0.36731691489348045,
                -0.6839659875341945,
                0.011197635706612993,
                0.9936252845388818,
                0.11217578717777335,
                0.045560460186650546,
                0.0,
                0.0,
                0.0,
                1.0
            ],
            "fov": 39.33953629190312,
            "aspect": 1.7777777777777777,
            "frame_num": 924
        },
        {
            "camera_to_world": [
                0.3415876580257231,
                -0.11069090286102866,
                0.933308857078016,
                0.9621059747487983,
                0.9397871666344102,
                0.028753509733879672,
                -0.34054851506732076,
                -0.6597420598596477,
                0.010859719577640753,
                0.9934388559447616,
                0.11384773313159322,
                0.04537018512486572,
                0.0,
                0.0,
                0.0,
                1.0
            ],
            "fov": 39.33953629190312,
            "aspect": 1.7777777777777777,
            "frame_num": 923
        },
        {
            "camera_to_world": [
                0.2860763888255222,
                -0.11471615839647302,
                0.9513151578479466,
                0.972986110745989,
                0.9581490186591002,
                0.023343777305898455,
                -0.28531649113046725,
                -0.6103754833751162,
                0.01052312492756792,
                0.993123996220123,
                0.11659327734855185,
                0.04476442304377151,
                0.0,
                0.0,
                0.0,
                1.0
            ],
            "fov": 39.33953629190312,
            "aspect": 1.7777777777777777,
            "frame_num": 921
        },
        {
            "camera_to_world": [
                0.31431887299616057,
                -0.11323956718305628,
                0.9425393749306055,
                0.967943317454375,
                0.9492569136519644,
                0.02627859964803672,
                -0.3134018524064439,
                -0.6352280604715022,
                0.01072087754225078,
                0.9932201349300974,
                0.11575330104799404,
                0.04525050815629587,
                0.0,
                0.0,
                0.0,
                1.0
            ],
            "fov": 39.33953629190312,
            "aspect": 1.7777777777777777,
            "frame_num": 922
        },
        {
            "camera_to_world": [
                0.25771752161236283,
                -0.11645916867493597,
                0.9591761923012289,
                0.9772227842450483,
                0.9661652543856969,
                0.020465366832919704,
                -0.25711056762708534,
                -0.5853594139531229,
                0.010312992681614496,
                0.9929846079352874,
                0.11779308525926752,
                0.04346302064816995,
                0.0,
                0.0,
                0.0,
                1.0
            ],
            "fov": 39.33953629190312,
            "aspect": 1.7777777777777777,
            "frame_num": 920
        },
        {
            "camera_to_world": [
                0.22874471268147206,
                -0.11762649900597735,
                0.966353915469808,
                0.9808272267360924,
                0.9734358553935581,
                0.017519104384078173,
                -0.22828861211873527,
                -0.5601801946197393,
                0.009923137459315317,
                0.9929033631293391,
                0.11850925355750014,
                0.04134635314089772,
                0.0,
                0.0,
                0.0,
                1.0
            ],
            "fov": 39.33953629190312,
            "aspect": 1.7777777777777777,
            "frame_num": 919
        },
        {
            "camera_to_world": [
                0.19991917793796396,
                -0.11870594320236519,
                0.9725951100704783,
                0.9838181514843444,
                0.9797632304731536,
                0.014277115622261357,
                -0.19965006934540422,
                -0.5347727585775209,
                0.009813799338362498,
                0.9928268045394839,
                0.11915798705839441,
                0.038590710764535775,
                0.0,
                0.0,
                0.0,
                1.0
            ],
            "fov": 39.33953629190312,
            "aspect": 1.7777777777777777,
            "frame_num": 918
        },
        {
            "camera_to_world": [
                0.1707911059780772,
                -0.11971065900283423,
                0.9780080690014027,
                0.9859016575108848,
                0.9852581474533988,
                0.0108401471054291,
                -0.17073033735905133,
                -0.5092161966004932,
                0.009836492259610388,
                0.992749641207658,
                0.11979730235459222,
                0.035678125259308135,
                0.0,
                0.0,
                0.0,
                1.0
            ],
            "fov": 39.33953629190312,
            "aspect": 1.7777777777777777,
            "frame_num": 917
        },
        {
            "camera_to_world": [
                0.14132684162682557,
                -0.12103326724237531,
                0.9825363600642889,
                0.987178761605254,
                0.9899131267657746,
                0.007317559398553041,
                -0.14148649684179043,
                -0.4836975355314574,
