{
    "camera_type": "perspective",
    "render_height": 1080.0,
    "render_width": 1920.0,
    "fps": 30.0,
    "seconds": 6.0,
    "is_cycle": false,
    "smoothness_value": 0.0,
    "default_fov": 39.33953629190312,
    "default_transition_sec": 2.0,
    "camera_path": [
        {
            "camera_to_world": [
                0.9999054208616358,
                -0.009624165764283045,
                -0.009822368798625096,
                0.16388892475855854,
                -0.00932198337772281,
                0.05072593318780305,
                -0.9986691278638796,
                -1.2973984552698048,
                0.01010960618053914,
                0.9986662387148543,
                0.05063142335366372,
                0.06382917820013306,
                0.0,
                0.0,
                0.0,
                1.0
            ],
            "fov": 39.33953629190312,
            "aspect": 1.7777777777777777,
            "frame_num": 972
        },
        {
            "camera_to_world": [
                0.999941449191656,
                -0.009981299859100836,
                -0.004174446738630245,
                0.16969877227622163,
                -0.0036597222952703644,
                0.05104239058275305,
                -0.9986898054033542,
                -1.297260110515536,
                0.010181296258654623,
                0.9986466087803613,
                0.05100287731878903,
                0.06498698385264724,
                0.0,
                0.0,
                0.0,
                1.0
            ],
            "fov": 39.33953629190312,
            "aspect": 1.7777777777777777,
            "frame_num": 971
        },
        {
            "camera_to_world": [
                0.9999362514976761,
                -0.010624850098025189,
                0.003815712925612797,
                0.17761192697223097,
                0.004355388638020885,
                0.051242814735681715,
                -0.9986767500788462,
                -1.2967446874820114,
                0.010415262966603849,
                0.9986297050001648,
                0.051285827530010264,
                0.06567128098587854,
                0.0,
                0.0,
                0.0,
                1.0
            ],
            "fov": 39.33953629190312,
            "aspect": 1.7777777777777777,
            "frame_num": 970
        },
        {
            "camera_to_world": [
                0.9998302681109462,
                -0.011302025354297543,
                0.01454831110624457,
                0.18796579366689484,
                0.015114174197170926,
                0.051709740225836374,
                -0.9985478011214003,
                -1.2959489802044326,
                0.010533323205006207,
                0.9985982015788845,
                0.051871788310158304,
                0.06607871781655353,
                0.0,
                0.0,
                0.0,
                1.0
            ],
            "fov": 39.33953629190312,
            "aspect": 1.7777777777777777,
            "frame_num": 969
        },
        {
            "camera_to_world": [
                0.9995336888944735,
                -0.012374543318829168,
                0.027914684426234855,
                0.20069265612160764,
                0.028524411925472882,
                0.052191390574471655,
                -0.9982296646035314,
                -1.2946471113848461,
                0.01089573000177463,
                0.9985604291340777,
                0.05252003381675369,
                0.06635166089563185,
                0.0,
                0.0,
                0.0,
                1.0
            ],
            "fov": 39.33953629190312,
            "aspect": 1.7777777777777777,
            "frame_num": 968
        },
        {
            "camera_to_world": [
                0.998971878714403,
                -0.013478116256403293,
                0.043283716152320045,
                0.21500848535602063,
                0.04394184777097088,
                0.05311763534529834,
                -0.9976210089257677,
                -1.293036012038121,
                0.011146923196925673,
                0.9984973001454349,
                0.05365528140208138,
                0.0666757105866652,
                0.0,
                0.0,
                0.0,
                1.0
            ],
            "fov": 39.33953629190312,
            "aspect": 1.7777777777777777,
            "frame_num": 967
        },
        {
            "camera_to_world": [
                0.9980621787893219,
                -0.015037350689120033,
                0.06037979395893513,
                0.2310420591654077,
                0.06110727023212875,
                0.05384229197420396,
                -0.9966779598947756,
                -1.2909496640632747,
                0.011736409351208026,
                0.9984362207345474,
                0.054656850784436814,
                0.06715986718982864,
                0.0,
                0.0,
                0.0,
                1.0
            ],
            "fov": 39.33953629190312,
            "aspect": 1.7777777777777777,
            "frame_num": 966
        },
        {
            "camera_to_world": [
                0.996759786687465,
                -0.016271783736441333,
                0.07877252605289368,
                0.2483243146021822,
                0.07954570617179203,
                0.054139236650105026,
                -0.9953599702142157,
                -1.2881367357890237,
                0.011931597510261542,
                0.9984008079431087,
                0.055258168592693536,
                0.06689638619893575,
                0.0,
                0.0,
                0.0,
                1.0
            ],
            "fov": 39.33953629190312,
            "aspect": 1.7777777777777777,
            "frame_num": 965
        },
        {
            "camera_to_world": [
                0.9949540194884214,
                -0.01774605879407607,
                0.09874983881035336,
                0.26696685687066657,
                0.09958331306090938,
                0.05467681814744241,
                -0.9935258707941904,
                -1.2847818470629844,
                0.01223184122052012,
                0.998346394866372,
                0.05616813540159329,
                0.0660387103989208,
                0.0,
                0.0,
                0.0,
                1.0
            ],
            "fov": 39.33953629190312,
            "aspect": 1.7777777777777777,
            "frame_num": 964
        },
        {
            "camera_to_world": [
                0.9893768226953922,
                -0.021570912610158942,
                0.14376422575277611,
                0.30820305546993837,
                0.1447625338210955,
                0.05561718481380287,
                -0.9879021126484918,
                -1.2749319952462848,
                0.013314188124224188,
                0.9982191270758118,
                0.05814901763069505,
                0.06360561681938838,
                0.0,
                0.0,
                0.0,
                1.0
            ],
            "fov": 39.33953629190312,
            "aspect": 1.7777777777777777,
            "frame_num": 962
        },
        {
            "camera_to_world": [
                0.9925285868471947,
                -0.01956002367160558,
                0.12043406465380416,
                0.28698147196228124,
                0.1213435692876133,
                0.05505326143635878,
                -0.9910827025117693,
                -1.2802969208687376,
                0.012755312668275275,
                0.9982918135808942,
                0.057015422939075,
                0.06498875282435498,
                0.0,
                0.0,
                0.0,
                1.0
            ],
            "fov": 39.33953629190312,
            "aspect": 1.7777777777777777,
            "frame_num": 963
        },
        {
            "camera_to_world": [
                0.9853582473748759,
                -0.023773158830617175,
                0.16883102621700397,
                0.33055967720618257,
                0.16993026605444317,
                0.05629541465519852,
                -0.9838468262833068,
                -1.2684661385717821,
                0.01388473363401462,
                0.9981310857689467,
                0.059510934377081506,
                0.062304554516171555,
                0.0,
                0.0,
                0.0,
                1.0
            ],
            "fov": 39.33953629190312,
            "aspect": 1.7777777777777777,
            "frame_num": 961
        },
        {
            "camera_to_world": [
                0.9804209685355271,
                -0.026413739386788856,
                0.19513326982199983,
                0.35375066619420215,
                0.19636598071144842,
                0.0573424514484048,
                -0.9788525381799795,
                -1.261056219405885,
                0.014665735078135561,
                0.9980050895631519,
                0.061406505660889045,
                0.06154400280375151,
                0.0,
                0.0,
                0.0,
                1.0
            ],
            "fov": 39.33953629190312,
            "aspect": 1.7777777777777777,
            "frame_num": 960
        },
        {
            "camera_to_world": [
                0.9748023223714545,
                -0.02873542748282469,
                0.22121180273791485,
                0.3767571250418978,
                0.22256310491745368,
                0.05844700586414741,
                -0.9731647642898342,
                -1.2527634412062492,
                0.01503513716126099,
                0.9978768580660322,
                0.06336972702815813,
                0.06132177147734375,
                0.0,
                0.0,
                0.0,
                1.0
            ],
            "fov": 39.33953629190312,
            "aspect": 1.7777777777777777,
            "frame_num": 959
        },
        {
            "camera_to_world": [
                0.9684239830490822,
                -0.030857774118902188,
                0.24739187738431795,
                0.3994356841472518,
                0.24884367101324845,
                0.059045231934306705,
                -0.966742227588484,
                -1.243667995242838,
                0.015224201583572117,
                0.9977782616919917,
                0.06485958447190307,
                0.06138005190677425,
                0.0,
                0.0,
                0.0,
                1.0
            ],
            "fov": 39.33953629190312,
            "aspect": 1.7777777777777777,
            "frame_num": 958
        },
        {
            "camera_to_world": [
                0.9614351570926466,
                -0.03280044036802366,
                0.27306871659320675,
                0.4218016312531709,
                0.27461201684444336,
                0.05966199357724889,
                -0.9597024191629848,
                -1.2340685456994236,
                0.015186836921742105,
                0.9976795972500592,
                0.06636853721523407,
                0.061211332860316235,
                0.0,
                0.0,
                0.0,
                1.0
            ],
            "fov": 39.33953629190312,
            "aspect": 1.7777777777777777,
            "frame_num": 957
        },
        {
            "camera_to_world": [
                0.953802480112665,
                -0.03470626623614787,
                0.29842295182983963,
                0.4438381726224266,
                0.3000572235717125,
                0.06029181632501427,
                -0.9520139736826009,
                -1.2238591814992634,
                0.015048387494172526,
                0.9975772516928615,
                0.06792035376498085,
                0.06081027409480179,
                0.0,
                0.0,
                0.0,
                1.0
            ],
            "fov": 39.33953629190312,
            "aspect": 1.7777777777777777,
            "frame_num": 956
        },
        {
            "camera_to_world": [
                0.9455499913675403,
                -0.03629011245159541,
                0.3234473616016291,
                0.4654516475072536,
                0.32514112827511843,
                0.060193798355256525,
                -0.9437478476604961,
                -1.2128880400795248,
                0.014779189013475174,
                0.9975268094138744,
                0.06871565752794083,
                0.060009706727022695,
                0.0,
                0.0,
                0.0,
                1.0
            ],
            "fov": 39.33953629190312,
            "aspect": 1.7777777777777777,
            "frame_num": 955
        },
        {
            "camera_to_world": [
                0.9364023758817036,
                -0.038213434110230184,
                0.34884133651355487,
                0.486773092912005,
                0.3506173707144156,
                0.06005196764988749,
                -0.9345914974762806,
                -1.2013630885293232,
                0.014765340607472798,
                0.9974635310374995,
                0.06963110284755099,
                0.05852303531341139,
                0.0,
                0.0,
                0.0,
                1.0
            ],
            "fov": 39.33953629190312,
            "aspect": 1.7777777777777777,
            "frame_num": 954
        },
        {
            "camera_to_world": [
                0.9266933134233684,
                -0.04046084231078673,
                0.3736340151269429,
                0.5077997392055457,
                0.3755236511482427,
                0.060322847182786694,
                -0.924847656728569,
                -1.1891125918245053,
                0.014881446155089347,
                0.9973585490949329,
                0.07109478619702891,
                0.0568554240064542,
                0.0,
                0.0,
                0.0,
                1.0
            ],
            "fov": 39.33953629190312,
            "aspect": 1.7777777777777777,
            "frame_num": 953
        },
        {
            "camera_to_world": [
                0.9161501390049135,
                -0.0430750563285134,
                0.3985140104030626,
                0.5285371433739536,
                0.40054980501148374,
                0.06086882242280172,
                -0.9142509976928619,
                -1.1760556394170856,
                0.01512433314032152,
                0.9972158878961347,
                0.07301868932952904,
                0.05564699070328624,
                0.0,
                0.0,
                0.0,
                1.0
            ],
            "fov": 39.33953629190312,
            "aspect": 1.7777777777777777,
            "frame_num": 952
        },
        {
            "camera_to_world": [
                0.9047887209924773,
                -0.045435956349249865,
                0.42342992147389114,
                0.5490189519358194,
                0.42558757923308194,
                0.0608671112735559,
                -0.9028679049495602,
                -1.1623654391776628,
                0.015249708916923522,
                0.9971112123123116,
                0.07440885818125942,
                0.05479573473371032,
                0.0,
                0.0,
                0.0,
                1.0
            ],
            "fov": 39.33953629190312,
            "aspect": 1.7777777777777777,
            "frame_num": 951
        },
        {
            "camera_to_world": [
                0.8927456804399,
                -0.047975157349170454,
                0.4479994291259547,
                0.5691645475248358,
                0.45029682514784086,
                0.06096499872472525,
                -0.8907951980183426,
                -1.1482953323146599,
                0.015423753409052493,
                0.9969862859031972,
                0.07602930401196216,
                0.05379348524367265,
                0.0,
                0.0,
                0.0,
                1.0
            ],
            "fov": 39.33953629190312,
            "aspect": 1.7777777777777777,
            "frame_num": 950
        },
        {
            "camera_to_world": [
                0.8799885638783715,
                -0.05032625068729335,
                0.47232123612960775,
                0.5889456878599115,
                0.47474411078627865,
                0.06088169874544372,
                -0.8780156574070217,
                -1.1336321920613437,
                0.015431515015619556,
                0.996875462788508,
                0.07746729342979755,
                0.052916671507912405,
                0.0,
                0.0,
                0.0,
                1.0
            ],
            "fov": 39.33953629190312,
            "aspect": 1.7777777777777777,
            "frame_num": 949
        },
        {
            "camera_to_world": [
                0.8666746200750605,
                -0.05274153686781858,
                0.49607800532832497,
                0.6082857782195279,
                0.4986352859548123,
                0.06083564666207185,
                -0.8646744603122263,
                -1.118590672964119,
                0.015425031722284951,
                0.9967534075347788,
                0.07902350587636008,
                0.05203370090947747,
                0.0,
                0.0,
                0.0,
                1.0
            ],
            "fov": 39.33953629190312,
            "aspect": 1.7777777777777777,
            "frame_num": 948
        },
        {
            "camera_to_world": [
                0.8526291969598578,
                -0.055301015258422494,
                0.5195817590783335,
                0.6271148660817919,
                0.5222894448423664,
                0.06089191093178267,
                -0.8505915339395275,
                -1.1029591193343653,
                0.01540024714778469,
                0.9966112451347463,
                0.08080136122353193,
                0.051602182442909046,
                0.0,
                0.0,
                0.0,
                1.0
            ],
            "fov": 39.33953629190312,
            "aspect": 1.7777777777777777,
            "frame_num": 947
        },
        {
            "camera_to_world": [
                0.8378645455286822,
                -0.05712578462659832,
                0.5428808361332804,
                0.6455392566780566,
                0.5456660621290431,
                0.059926179305056705,
                -0.8358573133584172,
                -1.0868812975133495,
                0.015216228383618998,
                0.9965668561576059,
                0.08138162641985583,
                0.050849363581184526,
                0.0,
                0.0,
                0.0,
                1.0
            ],
            "fov": 39.33953629190312,
            "aspect": 1.7777777777777777,
            "frame_num": 946
        },
        {
            "camera_to_world": [
                0.8225119755739797,
                -0.058930243613656876,
                0.5656865126454611,
                0.6634362395981643,
                0.5685483568620001,
                0.05885740453781981,
                -0.8205416616241136,
                -1.0705110694726712,
                0.015059877853074458,
                0.9965254805265322,
                0.08191561668712745,
                0.04883521489983182,
                0.0,
                0.0,
                0.0,
                1.0
            ],
            "fov": 39.33953629190312,
            "aspect": 1.7777777777777777,
            "frame_num": 945
        },
        {
            "camera_to_world": [
                0.8062835646676684,
                -0.06212731179433445,
                0.5882575665811421,
                0.681003523437634,
                0.5913319097350699,
                0.05897170899452231,
                -0.8042692066016268,
                -1.0536267299558237,
                0.015276527395342647,
                0.9963245132326712,
                0.08428578503661108,
                0.04689470589243376,
                0.0,
                0.0,
                0.0,
                1.0
            ],
            "fov": 39.33953629190312,
            "aspect": 1.7777777777777777,
            "frame_num": 944
        },
        {
            "camera_to_world": [
                0.7892296054888368,
                -0.06512519668179678,
                0.610635155179467,
                0.6982234705280053,
                0.6138994972500529,
                0.058376431476702254,
                -0.7872227423953451,
                -1.0360730356832295,
                0.015621332204306499,
                0.9961681093014612,
                0.08605273678235302,
                0.046330054497013995,
                0.0,
                0.0,
                0.0,
                1.0
            ],
            "fov": 39.33953629190312,
            "aspect": 1.7777777777777777,
            "frame_num": 943
        },
        {
            "camera_to_world": [
                0.7715105716595589,
                -0.06782363766971003,
                0.6325909785594065,
                0.7153517709187168,
                0.6360207997175291,
                0.057561602537125604,
                -0.7695220925095665,
                -1.0183610736255424,
                0.015778834580075753,
                0.9960354496982717,
                0.08754663237654627,
                0.046733114149718424,
                0.0,
                0.0,
                0.0,
                1.0
            ],
            "fov": 39.33953629190312,
            "aspect": 1.7777777777777777,
            "frame_num": 942
        },
        {
            "camera_to_world": [
                0.7532998355444753,
                -0.06964504301013158,
                0.653979265662714,
                0.7325451219514454,
                0.6574906936621547,
                0.05606621235297196,
                -0.7513738178831626,
                -1.001076864761093,
                0.01566331886611994,
                0.9959950545950971,
                0.08802563933892123,
                0.047079319906542995,
                0.0,
                0.0,
                0.0,
                1.0
            ],
            "fov": 39.33953629190312,
            "aspect": 1.7777777777777777,
            "frame_num": 941
        },
        {
            "camera_to_world": [
                0.7167460884972537,
                -0.07298343743063017,
                0.6935044460193859,
                0.7665224104984683,
                0.6971699645643781,
                0.05341179000007997,
                -0.7149134687628712,
                -0.9669455277184601,
                0.015135525801634533,
                0.9959019025469241,
                0.0891645550594108,
                0.043981976861016674,
                0.0,
                0.0,
                0.0,
                1.0
            ],
            "fov": 39.33953629190312,
            "aspect": 1.7777777777777777,
            "frame_num": 939
        },
        {
            "camera_to_world": [
                0.7350213833965032,
                -0.07140690001269699,
                0.6742733679631925,
                0.749854609044045,
                0.677867542613113,
                0.05470624451952523,
                -0.7331458709578189,
                -0.9841494925911498,
                0.01546470746264969,
                0.9959459234289519,
                0.08861468244689821,
                0.046127855523332595,
                0.0,
                0.0,
                0.0,
                1.0
            ],
            "fov": 39.33953629190312,
            "aspect": 1.7777777777777777,
            "frame_num": 940
        },
        {
            "camera_to_world": [
                0.6980327769653536,
                -0.07423014238630321,
                0.7122078926881572,
                0.782221206521335,
                0.7159133564668002,
                0.05182252201754127,
                -0.6962632683579191,
                -0.9489934058179261,
                0.014775309491202414,
                0.9958937258143132,
                0.08931617227547639,
                0.040401779576391635,
                0.0,
                0.0,
                0.0,
                1.0
            ],
            "fov": 39.33953629190312,
            "aspect": 1.7777777777777777,
            "frame_num": 938
        },
        {
            "camera_to_world": [
                0.6784163329953931,
                -0.07665741054326349,
                0.7306674172958886,
                0.7973268476298425,
                0.7345277017033304,
                0.05067834084425409,
                -0.676683683725244,
                -0.9304551425480515,
                0.014843803598654951,
                0.9957687221979069,
                0.09068800860031045,
                0.036750642240274994,
                0.0,
                0.0,
                0.0,
                1.0
            ],
            "fov": 39.33953629190312,
            "aspect": 1.7777777777777777,
            "frame_num": 937
        },
        {
            "camera_to_world": [
                0.6582104606627603,
                -0.07861862945227166,
                0.748717606805879,
                0.8118149297074749,
                0.7526868355575398,
                0.049061556463863835,
                -0.6565481992024575,
                -0.9111967881590977,
                0.014883665437941803,
                0.9956967789950475,
                0.09146803987643294,
                0.03386857068672916,
                0.0,
                0.0,
                0.0,
                1.0
            ],
            "fov": 39.33953629190312,
            "aspect": 1.7777777777777777,
            "frame_num": 936
        },
        {
            "camera_to_world": [
                0.6371738112138877,
                -0.08133994505440238,
                0.7664158804498218,
                0.8255533971407756,
                0.7705735315240694,
                0.047837448913443506,
                -0.6355533475769346,
                -0.891438616243596,
                0.01503249075791392,
                0.9955377404821555,
                0.0931591810511199,
                0.03121164188980388,
                0.0,
                0.0,
                0.0,
                1.0
            ],
            "fov": 39.33953629190312,
            "aspect": 1.7777777777777777,
            "frame_num": 935
        },
        {
            "camera_to_world": [
                0.6156451435552315,
                -0.08410555976547861,
                0.7835223456911444,
                0.838200769452024,
                0.7878798045540206,
                0.04670719830564851,
                -0.6140552888972007,
                -0.8712060818345243,
                0.015049327064413996,
                0.9953615892375944,
                0.09502013440390707,
                0.029706408906981622,
                0.0,
                0.0,
                0.0,
                1.0
            ],
            "fov": 39.33953629190312,
            "aspect": 1.7777777777777777,
            "frame_num": 934
        },
        {
            "camera_to_world": [
                0.593246897135048,
                -0.08671161162235484,
                0.8003369100656618,
                0.8502521972208701,
                0.8048746535889172,
                0.04496031860632321,
                -0.5917393077878196,
                -0.8503342713093495,
                0.015327263340314942,
                0.9952184016751268,
                0.09646455039298424,
                0.028998302553744092,
                0.0,
                0.0,
                0.0,
                1.0
            ],
            "fov": 39.33953629190312,
            "aspect": 1.7777777777777777,
            "frame_num": 933
        },
        {
            "camera_to_world": [
                0.5703764142061457,
                -0.0899261575287345,
                0.8164459482864841,
                0.8616336646245091,
                0.8212328548179103,
                0.043401402329731054,
                -0.5689402104472033,
                -0.8289770683243617,
                0.015727704609161685,
                0.9950023142280389,
                0.09860545373046978,
                0.02948092945909312,
                0.0,
                0.0,
                0.0,
                1.0
            ],
            "fov": 39.33953629190312,
            "aspect": 1.7777777777777777,
            "frame_num": 932
        },
        {
            "camera_to_world": [
                0.5222151764660357,
                -0.0949717495636373,
                0.8475090739439481,
                0.8824126792246467,
                0.8526671536980394,
                0.03971836951658454,
                -0.5209426290367279,
                -0.7848572143315534,
                0.015813150904069456,
                0.99468729695828,
                0.10172082896405135,
                0.03304575095895398,
                0.0,
                0.0,
                0.0,
                1.0
            ],
            "fov": 39.33953629190312,
            "aspect": 1.7777777777777777,
            "frame_num": 930
        },
        {
            "camera_to_world": [
                0.5466031828387291,
                -0.09273413725635911,
                0.832241127595752,
                0.8723571542624361,
                0.8372441292465602,
                0.04185908166844958,
                -0.5452248453109168,
                -0.8071146464572059,
                0.015724102947500294,
                0.9948106341924163,
                0.10052142160254643,
                0.031154875039550403,
                0.0,
                0.0,
                0.0,
                1.0
            ],
            "fov": 39.33953629190312,
            "aspect": 1.7777777777777777,
            "frame_num": 931
        },
        {
            "camera_to_world": [
                0.49756568434699017,
                -0.09767717062024385,
                0.8619092262320289,
                0.891873379728995,
                0.8672840023512979,
                0.03802119807026909,
                -0.4963596421780134,
                -0.7624891349415225,
                0.01571218055679904,
                0.9944916086333172,
                0.10363189304883716,
                0.03510495671576405,
                0.0,
                0.0,
                0.0,
                1.0
            ],
            "fov": 39.33953629190312,
            "aspect": 1.7777777777777777,
            "frame_num": 929
        },
        {
            "camera_to_world": [
                0.4724983902741381,
                -0.10029487628492854,
                0.875606168972843,
                0.9006485564098344,
                0.881193010866584,
                0.03614660271232917,
                -0.471372832620328,
                -0.7399331384590131,
                0.01562608805839952,
                0.9943009412107215,
                0.1054583576407387,
                0.037822016550683145,
                0.0,
                0.0,
                0.0,
                1.0
            ],
            "fov": 39.33953629190312,
            "aspect": 1.7777777777777777,
            "frame_num": 928
        },
        {
            "camera_to_world": [
                0.4469481602700498,
                -0.10190350260849845,
                0.8887367283685854,
                0.9089203912373445,
                0.8944277749306251,
                0.03383344821132752,
                -0.4459308240467927,
                -0.7171139763818823,
                0.015372881211401285,
                0.9942187760866559,
                0.10626712246424001,
                0.03984192518225543,
                0.0,
                0.0,
                0.0,
                1.0
            ],
            "fov": 39.33953629190312,
            "aspect": 1.7777777777777777,
            "frame_num": 927
        },
        {
            "camera_to_world": [
                0.421041436958791,
                -0.10371487209873545,
                0.9010922748715458,
                0.9168656121330812,
                0.9069100276079181,
                0.03122780889167883,
                -0.4201655297573787,
                -0.694163050853455,
                0.01543827316519643,
                0.9941167185184763,
                0.10720826087830651,
                0.04106978723070304,
                0.0,
                0.0,
                0.0,
                1.0
            ],
            "fov": 39.33953629190312,
            "aspect": 1.7777777777777777,
            "frame_num": 926
        },
        {
            "camera_to_world": [
                0.39508283468694383,
                -0.10598310941784192,
                0.9125114182396921,
                0.9245818126192116,
                0.9185178772773933,
                0.029015885508479927,
                -0.39431337046853976,
                -0.6710490957537057,
                0.01531322654039291,
                0.9939444952691934,
                0.10881106071447236,
                0.04175019206379895,
                0.0,
                0.0,
                0.0,
                1.0
            ],
            "fov": 39.33953629190312,
            "aspect": 1.7777777777777777,
            "frame_num": 925
        },
        {
            "camera_to_world": [
                0.3685226759159918,
                -0.10773613538951977,
                0.9233547079161981,
                0.931763555507772,
                0.929495867929583,
                0.026552291508278886,
                -0.3678755957355147,
                -0.6476973305798456,
                0.01511630786131574,
                0.9938248848325523,
                0.10992541581010415,
                0.04207719390010101,
                0.0,
                0.0,
                0.0,
                1.0
            ],
            "fov": 39.33953629190312,
            "aspect": 1.7777777777777777,
            "frame_num": 924
        },
        {
            "camera_to_world": [
                0.3416588191248526,
                -0.11003793629248816,
                0.9333599831011941,
                0.9382533032094057,
                0.939706875139764,
                0.02431426373180283,
                -0.34111559919550727,
                -0.6240456589970049,
                0.014841691985534188,
                0.9936299461620747,
                0.11171058940752504,
                0.041993015873870915,
                0.0,
                0.0,
                0.0,
                1.0
            ],
            "fov": 39.33953629190312,
            "aspect": 1.7777777777777777,
            "frame_num": 923
        },
        {
            "camera_to_world": [
                0.2861485964468671,
                -0.11406376629085126,
                0.9513718474576557,
                0.9488792331910156,
                0.9580736756176585,
                0.018906257348113045,
                -0.2858975903043361,
                -0.5758441758208426,
                0.014623671060748338,
                0.9932935172430005,
                0.11469149211930989,
                0.04161032948262777,
                0.0,
                0.0,
                0.0,
                1.0
            ],
            "fov": 39.33953629190312,
            "aspect": 1.7777777777777777,
            "frame_num": 921
        },
        {
            "camera_to_world": [
                0.3143905962436811,
                -0.11258691218046683,
                0.942593599788991,
                0.943954260872518,
                0.949178929877734,
                0.02184052369163698,
                -0.3139783387772212,
                -0.6001110300989272,
                0.014763109964407248,
                0.9934018217582301,
                0.11373158149092101,
                0.04197955164707923,
                0.0,
                0.0,
                0.0,
                1.0
            ],
            "fov": 39.33953629190312,
            "aspect": 1.7777777777777777,
            "frame_num": 922
        },
        {
            "camera_to_world": [
                0.2577901457552063,
                -0.1158070638896124,
                0.9592355909101453,
                0.9530166243313659,
                0.9660926238255549,
                0.016028613275492255,
                -0.257697831513168,
                -0.551414080075915,
                0.01446800899521022,
                0.9931423907243164,
                0.11601236993925115,
                0.04044629507866448,
                0.0,
                0.0,
                0.0,
                1.0
            ],
            "fov": 39.33953629190312,
            "aspect": 1.7777777777777777,
            "frame_num": 920
        },
        {
            "camera_to_world": [
                0.22881758485077353,
                -0.11697464821703273,
                0.9664157483720558,
                0.9565362139363521,
                0.9733667892113893,
                0.013082820084075587,
                -0.2288798376861288,
                -0.5268210884993374,
                0.01412969118639186,
                0.993048726016994,
                0.11685281810816553,
                0.038487386573746736,
                0.0,
                0.0,
                0.0,
                1.0
            ],
            "fov": 39.33953629190312,
            "aspect": 1.7777777777777777,
            "frame_num": 919
        },
        {
            "camera_to_world": [
                0.19999241754627503,
                -0.1180543635418052,
                0.9726593207987548,
                0.9594563901836823,
                0.9796964729963348,
                0.009841276818379466,
                -0.20024489179351215,
                -0.5020024440450652,
                0.014067569650363496,
                0.992958366338122,
                0.11762562526965802,
                0.03590599893949328,
                0.0,
                0.0,
                0.0,
                1.0
            ],
            "fov": 39.33953629190312,
            "aspect": 1.7777777777777777,
            "frame_num": 918
        },
        {
            "camera_to_world": [
                0.17086474281144123,
                -0.11905936419137451,
                0.9780746707824944,
                0.9614905003755492,
                0.9851931358367588,
                0.0064047535700519475,
                -0.1713286632531468,
                -0.477037455386354,
                0.014133950473454109,
                0.9928664803010911,
                0.1183908157559308,
                0.03317261088106076,
                0.0,
                0.0,
                0.0,
                1.0
            ],
            "fov": 39.33953629190312,
            "aspect": 1.7777777777777777,
            "frame_num": 917
        },
        {
            "camera_to_world": [
                0.14140086800595214,
                -0.12038229645992414,
                0.9826056438827111,
                0.9627372281879291,
                0.9898495528981783,
                0.002882860991087748,
                -0.1420901064819489,
                -0.4521091883892808,
