{
    "camera_type": "perspective",
    "render_height": 1080.0,
    "render_width": 1920.0,
    "fps": 30.0,
    "seconds": 6.0,
    "is_cycle": false,
    "smoothness_value": 0.0,
    "default_fov": 39.33953629190312,
    "default_transition_sec": 2.0,
    "camera_path": [
        {
            "camera_to_world": [
                0.99980598907876,
                -0.017210243767572405,
                -0.00958219638837093,
                0.20390468540971585,
                -0.008214874858844076,
                0.07783285365785908,
                -0.996932563025825,
                -1.463067540042834,
                0.017903262133638582,
                0.9968178636949746,
                0.07767637047943265,
                0.10413854677223756,
                0.0,
                0.0,
                0.0,
                1.0
            ],
            "fov": 39.33953629190312,
            "aspect": 1.7777777777777777,
            "frame_num": 972
        },
        {
            "camera_to_world": [
                0.999837942290356,
                -0.01756741647649489,
                -0.003937233908528301,
                0.20992332198671756,
                -0.002552728585063459,
                0.07814836467545258,
                -0.996938458067516,
                -1.462886417816139,
                0.01782132151606909,
                0.9967869471246615,
                0.0780908525284171,
                0.10538092692785199,
                0.0,
                0.0,
                0.0,
                1.0
            ],
            "fov": 39.33953629190312,
            "aspect": 1.7777777777777777,
            "frame_num": 971
        },
        {
            "camera_to_world": [
                0.9998259755141119,
                -0.01821094533745201,
                0.0040505472584487865,
                0.21812764724467376,
                0.005465772901540787,
                0.07834772194277523,
                -0.9969110954802735,
                -1.4623257428830625,
                0.017837342368216807,
                0.9967597478421468,
                0.07843362165675957,
                0.10613804885106737,
                0.0,
                0.0,
                0.0,
                1.0
            ],
            "fov": 39.33953629190312,
            "aspect": 1.7777777777777777,
            "frame_num": 970
        },
        {
            "camera_to_world": [
                0.9997123914240165,
                -0.018888154031549195,
                0.01477832353404442,
                0.22886624348360193,
                0.016223702365390905,
                0.07881305751383086,
                -0.9967573756665125,
                -1.4614800726928074,
                0.01766218206301453,
                0.9967104587521315,
                0.0790968232369986,
                0.10661923354889413,
                0.0,
                0.0,
                0.0,
                1.0
            ],
            "fov": 39.33953629190312,
            "aspect": 1.7777777777777777,
            "frame_num": 969
        },
        {
            "camera_to_world": [
                0.9994047147457302,
                -0.01996065581969196,
                0.02813920999558742,
                0.24206759038879147,
                0.029638585004928348,
                0.07929261440828528,
                -0.9964106623666354,
                -1.4601111805855458,
                0.017657778877397765,
                0.9966515200934031,
                0.07983701552489908,
                0.10696523530290859,
                0.0,
                0.0,
                0.0,
                1.0
            ],
            "fov": 39.33953629190312,
            "aspect": 1.7777777777777777,
            "frame_num": 968
        },
        {
            "camera_to_world": [
                0.9988314040809653,
                -0.02106429717994652,
                0.04349883195999864,
                0.2569169155368913,
                0.04505668244689975,
                0.08021588674404768,
                -0.9957586451442226,
                -1.4584187584778483,
                0.017485658803876678,
                0.9965549186499542,
                0.0810712313837293,
                0.10736796147101328,
                0.0,
                0.0,
                0.0,
                1.0
            ],
            "fov": 39.33953629190312,
            "aspect": 1.7777777777777777,
            "frame_num": 967
        },
        {
            "camera_to_world": [
                0.9979065642768465,
                -0.02262347669187818,
                0.060586252990870455,
                0.2735468650695192,
                0.06223102349277213,
                0.08093732334853632,
                -0.9947745583311473,
                -1.4562274350310669,
                0.01760157009335763,
                0.9964624062057623,
                0.08217576562568263,
                0.10793678706630085,
                0.0,
                0.0,
                0.0,
                1.0
            ],
            "fov": 39.33953629190312,
            "aspect": 1.7777777777777777,
            "frame_num": 966
        },
        {
            "camera_to_world": [
                0.996591232356516,
                -0.023857791546827177,
                0.07897308496286069,
                0.29147774045630415,
                0.08066686897681703,
                0.08123217270162167,
                -0.9934254692055984,
                -1.453302531134226,
                0.01728578274379417,
                0.9964096240464183,
                0.08287980170045199,
                0.10771950114104302,
                0.0,
                0.0,
                0.0,
                1.0
            ],
            "fov": 39.33953629190312,
            "aspect": 1.7777777777777777,
            "frame_num": 965
        },
        {
            "camera_to_world": [
                0.9947707476355369,
                -0.025331947871989727,
                0.09894179522106802,
                0.3108242490854231,
                0.10070373145273401,
                0.08176685486857019,
                -0.9915507613910195,
                -1.4498311061196418,
                0.017027753103308247,
                0.9963295001434171,
                0.08389029428675379,
                0.10688132356132359,
                0.0,
                0.0,
                0.0,
                1.0
            ],
            "fov": 39.33953629190312,
            "aspect": 1.7777777777777777,
            "frame_num": 964
        },
        {
            "camera_to_world": [
                0.9891573436244643,
                -0.02915631542550861,
                0.1439363942876302,
                0.3536202142926762,
                0.14589103960361804,
                0.08270024511815358,
                -0.9858379413065241,
                -1.4396483213365707,
                0.0168398273234672,
                0.9961478694093315,
                0.08605719722523046,
                0.10440296806189975,
                0.0,
                0.0,
                0.0,
                1.0
            ],
            "fov": 39.33953629190312,
            "aspect": 1.7777777777777777,
            "frame_num": 962
        },
        {
            "camera_to_world": [
                0.9923278521472456,
                -0.027145682463279953,
                0.12061746371218064,
                0.33159508399185816,
                0.12246815798944931,
                0.08214017218054091,
                -0.9890674976418623,
                -1.4451918881458012,
                0.016941373361631103,
                0.9962510241072517,
                0.08483445963269269,
                0.10582260292723467,
                0.0,
                0.0,
                0.0,
                1.0
            ],
            "fov": 39.33953629190312,
            "aspect": 1.7777777777777777,
            "frame_num": 963
        },
        {
            "camera_to_world": [
                0.9851188698202838,
                -0.03135825530501769,
                0.16898964146998474,
                0.3768216089972776,
                0.17106164109129798,
                0.08337400644191202,
                -0.9817263684426982,
                -1.43295961947819,
                0.016695883150954115,
                0.9960248158950579,
                0.08749749890323931,
                0.10304629855743903,
                0.0,
                0.0,
                0.0,
                1.0
            ],
            "fov": 39.33953629190312,
            "aspect": 1.7777777777777777,
            "frame_num": 961
        },
        {
            "camera_to_world": [
                0.9801593359846625,
                -0.03399845982563203,
                0.19527367356485117,
                0.4008838202830032,
                0.19750471281762777,
                0.08441504378689738,
                -0.9766606172545278,
                -1.4252758161410188,
                0.016720921633081486,
                0.9958504928563591,
                0.08945504661439468,
                0.10223012405466922,
                0.0,
                0.0,
                0.0,
                1.0
            ],
            "fov": 39.33953629190312,
            "aspect": 1.7777777777777777,
            "frame_num": 960
        },
        {
            "camera_to_world": [
                0.9745217169149675,
                -0.03631980002752335,
                0.22133305709492843,
                0.42474978193932994,
                0.22369753425951916,
                0.08551378114879818,
                -0.9708999839831903,
                -1.4166613274825093,
                0.01633586730975451,
                0.9956747784167548,
                0.09145968385731815,
                0.10194592240390811,
                0.0,
                0.0,
                0.0,
                1.0
            ],
            "fov": 39.33953629190312,
            "aspect": 1.7777777777777777,
            "frame_num": 959
        },
        {
            "camera_to_world": [
                0.9681257387181392,
                -0.03844171287318709,
                0.24749710204112368,
                0.44827282101115584,
                0.2499682371668731,
                0.08610734772874541,
                -0.9644176364902913,
                -1.4072067158823844,
                0.015762547566577863,
                0.9955439510131541,
                0.09297194416933953,
                0.1019274502696596,
                0.0,
                0.0,
                0.0,
                1.0
            ],
            "fov": 39.33953629190312,
            "aspect": 1.7777777777777777,
            "frame_num": 958
        },
        {
            "camera_to_world": [
                0.9611213238344859,
                -0.04038396154801517,
                0.27315739656149823,
                0.4714729754414551,
                0.27572025091568597,
                0.08671959014900504,
                -0.9573181437840257,
                -1.3972360384045404,
                0.014972202424437272,
                0.9954139075575799,
                0.09448272065731533,
                0.10165689133916,
                0.0,
                0.0,
                0.0,
                1.0
            ],
            "fov": 39.33953629190312,
            "aspect": 1.7777777777777777,
            "frame_num": 957
        },
        {
            "camera_to_world": [
                0.9534740426922897,
                -0.04228935120158123,
                0.2984943675563966,
                0.49433279482195247,
                0.30114596472092436,
                0.08734481937495826,
                -0.9495693565819047,
                -1.386639612978162,
                0.01408473625436575,
                0.9952801074737618,
                0.09601628288451187,
                0.1011255893610518,
                0.0,
                0.0,
                0.0,
                1.0
            ],
            "fov": 39.33953629190312,
            "aspect": 1.7777777777777777,
            "frame_num": 956
        },
        {
            "camera_to_world": [
                0.9452081820664651,
                -0.04387270912356001,
                0.3235068851271788,
                0.5167563183699059,
                0.3262064437206455,
                0.08724415400518733,
                -0.9412639301310556,
                -1.375264726420454,
                0.013071715038284146,
                0.9952203987154291,
                0.09677544602819824,
                0.10015515275947572,
                0.0,
                0.0,
                0.0,
                1.0
            ],
            "fov": 39.33953629190312,
            "aspect": 1.7777777777777777,
            "frame_num": 955
        },
        {
            "camera_to_world": [
                0.9360450440653394,
                -0.045795408291230556,
                0.3488874930920827,
                0.5388818831871546,
                0.3516653111811442,
                0.08709906188827356,
                -0.9320650378749137,
                -1.3633350409308296,
                0.012296526611146694,
                0.9951464882294012,
                0.09763329916216208,
                0.09845523330385021,
                0.0,
                0.0,
                0.0,
                1.0
            ],
            "fov": 39.33953629190312,
            "aspect": 1.7777777777777777,
            "frame_num": 954
        },
        {
            "camera_to_world": [
                0.9263198476754831,
                -0.04804212661948283,
                0.3736623083056009,
                0.560702539644914,
                0.37655749262337557,
                0.08736512572259104,
                -0.9222644751129607,
                -1.3506582010793324,
                0.01166249321568946,
                0.9950172299618161,
                0.09901867015066017,
                0.09654488992517608,
                0.0,
                0.0,
                0.0,
                1.0
            ],
            "fov": 39.33953629190312,
            "aspect": 1.7777777777777777,
            "frame_num": 953
        },
        {
            "camera_to_world": [
                0.9157595294780764,
                -0.05065552676233436,
                0.3985204242626019,
                0.582218976666063,
                0.40157225629948423,
                0.08790485575543075,
                -0.9115988327130913,
                -1.3371322397182306,
                0.011145639793473692,
                0.9948400640273337,
                0.10084156101023842,
                0.09508577268450953,
                0.0,
                0.0,
                0.0,
                1.0
            ],
            "fov": 39.33953629190312,
            "aspect": 1.7777777777777777,
            "frame_num": 952
        },
        {
            "camera_to_world": [
                0.904381872930329,
                -0.05301556593812194,
                0.42341800204905417,
                0.6034670157529819,
                0.42659476489653897,
                0.0878983438751537,
                -0.9001615189540069,
                -1.322939648113692,
                0.010504832421195258,
                0.9947176634450976,
                0.10210982926939241,
                0.09397724035697196,
                0.0,
                0.0,
                0.0,
                1.0
            ],
            "fov": 39.33953629190312,
            "aspect": 1.7777777777777777,
            "frame_num": 951
        },
        {
            "camera_to_world": [
                0.892322450199769,
                -0.05555380989282429,
                0.4479670142452389,
                0.6243671675472228,
                0.45128962380826954,
                0.08799069575291732,
                -0.88802887644638,
                -1.3083575771047784,
                0.009916459396177654,
                0.994570968172802,
                0.10358692875144265,
                0.09269876382085224,
                0.0,
                0.0,
                0.0,
                1.0
            ],
            "fov": 39.33953629190312,
            "aspect": 1.7777777777777777,
            "frame_num": 950
        },
        {
            "camera_to_world": [
                0.8795503932973326,
                -0.05790394527332983,
                0.4722692722888213,
                0.6448878226373796,
                0.475717509348978,
                0.08790246629645278,
                -0.8751948241486113,
                -1.2931572112260703,
                0.009163600749966505,
                0.994444713703459,
                0.10486056702038894,
                0.09153080686239591,
                0.0,
                0.0,
                0.0,
                1.0
            ],
            "fov": 39.33953629190312,
            "aspect": 1.7777777777777777,
            "frame_num": 949
        },
        {
            "camera_to_world": [
                0.8662219798004488,
                -0.0603182099132372,
                0.49600526412466156,
                0.6649506844884912,
                0.49958864125216224,
                0.08785111257497318,
                -0.8617965792748716,
                -1.2775649577318546,
                0.008407414079099023,
                0.994305734998955,
                0.10623285482366962,
                0.09034234306023128,
                0.0,
                0.0,
                0.0,
                1.0
            ],
            "fov": 39.33953629190312,
            "aspect": 1.7777777777777777,
            "frame_num": 948
        },
        {
            "camera_to_world": [
                0.8521623943190161,
                -0.06287657432638927,
                0.5194861084623746,
                0.6844794475217799,
                0.5232217407760794,
                0.08790137154198958,
                -0.8476510669839322,
                -1.2613484553240188,
                0.007633855353908731,
                0.9941427887231081,
                0.10780463157756302,
                0.08960145876232714,
                0.0,
                0.0,
                0.0,
                1.0
            ],
            "fov": 39.33953629190312,
            "aspect": 1.7777777777777777,
            "frame_num": 947
        },
        {
            "camera_to_world": [
                0.8373849789035611,
                -0.0647003530364555,
                0.542770935293667,
                0.7035905634325637,
                0.5465724786031472,
                0.08693327790549521,
                -0.832887209245604,
                -1.244678505607626,
                0.006703241453193997,
                0.9941108935139983,
                0.1081600511192412,
                0.08851159201408473,
                0.0,
                0.0,
                0.0,
                1.0
            ],
            "fov": 39.33953629190312,
            "aspect": 1.7777777777777777,
            "frame_num": 946
        },
        {
            "camera_to_world": [
                0.8220197609023928,
                -0.06650378047335083,
                0.5655623631790283,
                0.7221641958374417,
                0.5694293408733938,
                0.08586227791899148,
                -0.8175438015677001,
                -1.2277412935392336,
                0.0058092822936444645,
                0.9940849639303552,
                0.10844969079768714,
                0.0861011841793537,
                0.0,
                0.0,
                0.0,
                1.0
            ],
            "fov": 39.33953629190312,
            "aspect": 1.7777777777777777,
            "frame_num": 945
        },
        {
            "camera_to_world": [
                0.80577596706525,
                -0.06969930768623804,
                0.5881046881160209,
                0.7403948492605061,
                0.5921969060131023,
                0.08596842929863989,
                -0.80119424996136,
                -1.2102690717317253,
                0.0052842499005223776,
                0.9938568482346685,
                0.11054700641508423,
                0.08375007380078703,
                0.0,
                0.0,
                0.0,
                1.0
            ],
            "fov": 39.33953629190312,
            "aspect": 1.7777777777777777,
            "frame_num": 944
        },
        {
            "camera_to_world": [
                0.7887058139440111,
                -0.07269555185755075,
                0.6104576337199519,
                0.7582539029642646,
                0.614751383135101,
                0.08536663684720819,
                -0.7840875249266434,
                -1.1920641332128883,
                0.004886961918537052,
                0.9936940641744316,
                0.11201885169472384,
                0.08280431981232302,
                0.0,
                0.0,
                0.0,
                1.0
            ],
            "fov": 39.33953629190312,
            "aspect": 1.7777777777777777,
            "frame_num": 943
        },
        {
            "camera_to_world": [
                0.7709723005784574,
                -0.0753924034237626,
                0.6323904838172937,
                0.776010173861079,
                0.6368540997588036,
                0.0845462674984182,
                -0.7663346245415261,
                -1.1736678442335864,
                0.00430955594052554,
                0.9935632407099758,
                0.11319678946323057,
                0.08285703171849927,
                0.0,
                0.0,
                0.0,
                1.0
            ],
            "fov": 39.33953629190312,
            "aspect": 1.7777777777777777,
            "frame_num": 942
        },
        {
            "camera_to_world": [
                0.7527495707102718,
                -0.07721251804822965,
                0.6537632122015394,
                0.7938346589420536,
                0.6582978230648735,
                0.08304882234199698,
                -0.7481623097659816,
                -1.155716751828494,
                0.0034732328179753525,
                0.9935497568327107,
                0.11334379585469335,
                0.08286334857160454,
                0.0,
                0.0,
                0.0,
                1.0
            ],
            "fov": 39.33953629190312,
            "aspect": 1.7777777777777777,
            "frame_num": 941
        },
        {
            "camera_to_world": [
                0.7161761186108101,
                -0.08054845607934973,
                0.6932558980136478,
                0.8290888837864877,
                0.6979177849710869,
                0.0803900822545232,
                -0.7116517214163647,
                -1.1203750763901272,
                0.001591550705185338,
                0.9935035883416722,
                0.11378965517950546,
                0.07895461860260457,
                0.0,
                0.0,
                0.0,
                1.0
            ],
            "fov": 39.33953629190312,
            "aspect": 1.7777777777777777,
            "frame_num": 939
        },
        {
            "camera_to_world": [
                0.7344604371325293,
                -0.07897310442943739,
                0.6740409051680714,
                0.8117900532490788,
                0.6786465914710411,
                0.08168656150256937,
                -0.7299082696156669,
                -1.1381722387119206,
                0.0025830400363013608,
                0.9935243095117252,
                0.11359037380305262,
                0.08153477831439794,
                0.0,
                0.0,
                0.0,
                1.0
            ],
            "fov": 39.33953629190312,
            "aspect": 1.7777777777777777,
            "frame_num": 940
        },
        {
            "camera_to_world": [
                0.6974543795176125,
                -0.08179407202486975,
                0.7119460267809734,
                0.8453931286130999,
                0.7166289486598009,
                0.07880014582571834,
                -0.6929887873979684,
                -1.1018432202228094,
                0.0005809260529060968,
                0.993529197332636,
                0.11357550475250452,
                0.07485819807612257,
                0.0,
                0.0,
                0.0,
                1.0
            ],
            "fov": 39.33953629190312,
            "aspect": 1.7777777777777777,
            "frame_num": 938
        },
        {
            "camera_to_world": [
                0.6778263713515421,
                -0.0842196110492028,
                0.7303824300947028,
                0.8610821428119033,
                0.7352220126282797,
                0.07765097878761078,
                -0.6733638616222729,
                -1.0827059498987834,
                -4.466020967326082e-06,
                0.9934170230927786,
                0.11455399127412835,
                0.07066703313080148,
                0.0,
                0.0,
                0.0,
                1.0
            ],
            "fov": 39.33953629190312,
            "aspect": 1.7777777777777777,
            "frame_num": 937
        },
        {
            "camera_to_world": [
                0.6576094523112912,
                -0.08617922084633059,
                0.7484136402425366,
                0.8761239269505305,
                0.7533587668279699,
                0.07603121122344808,
                -0.6531996600290362,
                -1.0628006788965352,
                -0.0006105557116151259,
                0.9933742476949823,
                0.11492271292241411,
                0.06724835433383018,
                0.0,
                0.0,
                0.0,
                1.0
            ],
            "fov": 39.33953629190312,
            "aspect": 1.7777777777777777,
            "frame_num": 936
        },
        {
            "camera_to_world": [
                0.6365611256997774,
                -0.08889849153519706,
                0.7660855162620691,
                0.8903858828457168,
                0.7712254555761491,
                0.07480097883634858,
                -0.6321519459237617,
                -1.0423713136460915,
                -0.0011065899330713763,
                0.9932280055196074,
                0.11617617319209443,
                0.06404321773707743,
                0.0,
                0.0,
                0.0,
                1.0
            ],
            "fov": 39.33953629190312,
            "aspect": 1.7777777777777777,
            "frame_num": 935
        },
        {
            "camera_to_world": [
                0.615022155536974,
                -0.09166198914599365,
                0.7831640024416185,
                0.9035064629256296,
                0.7885079418418749,
                0.07366406702925168,
                -0.6105970875951773,
                -1.0214184293601791,
                -0.0017224997663671604,
                0.9930617725836526,
                0.11758123802233797,
                0.06201062730041219,
                0.0,
                0.0,
                0.0,
                1.0
            ],
            "fov": 39.33953629190312,
            "aspect": 1.7777777777777777,
            "frame_num": 934
        },
        {
            "camera_to_world": [
                0.5926118507082216,
                -0.09426579324309005,
                0.7999532370084822,
                0.9160020703919386,
                0.8054854923176117,
                0.07191178191341813,
                -0.5882361683767873,
                -0.999780553104773,
                -0.002075511460010281,
                0.9929464512496251,
                0.11854550143405726,
                0.060782073706060695,
                0.0,
                0.0,
                0.0,
                1.0
            ],
            "fov": 39.33953629190312,
            "aspect": 1.7777777777777777,
            "frame_num": 933
        },
        {
            "camera_to_world": [
                0.5697287933320955,
                -0.09747763964852943,
                0.8160313955926132,
                0.9277929228285832,
                0.8218295671922919,
                0.07034490559581161,
                -0.5653739729099311,
                -0.9776062552164768,
                -0.002292328809943899,
                0.9927485599296695,
                0.12018752303584304,
                0.0607695391179099,
                0.0,
                0.0,
                0.0,
                1.0
            ],
            "fov": 39.33953629190312,
            "aspect": 1.7777777777777777,
            "frame_num": 932
        },
        {
            "camera_to_world": [
                0.5215486881637811,
                -0.10251840622568414,
                0.8470401224472823,
                0.9492949643273366,
                0.8532146422829493,
                0.06665049174096861,
                -0.5172837312765389,
                -0.9317284053409892,
                -0.0034245346259031925,
                0.9924956864257584,
                0.1222316804112404,
                0.0633854109567899,
                0.0,
                0.0,
                0.0,
                1.0
            ],
            "fov": 39.33953629190312,
            "aspect": 1.7777777777777777,
            "frame_num": 930
        },
        {
            "camera_to_world": [
                0.5459462863880716,
                -0.1002831265614437,
                0.8317968343784776,
                0.9388914349564286,
                0.8378151172368724,
                0.0687956189769857,
                -0.5416022199341982,
                -0.9548749456518195,
                -0.002910411795284459,
                0.9925776828874789,
                0.12157743065307049,
                0.061973165475268197,
                0.0,
                0.0,
                0.0,
                1.0
            ],
            "fov": 39.33953629190312,
            "aspect": 1.7777777777777777,
            "frame_num": 931
        },
        {
            "camera_to_world": [
                0.4968915520094246,
                -0.10522121051032124,
                0.8614100702779891,
                0.9590799606197346,
                0.8678029098893199,
                0.06494638768531107,
                -0.4926459670117793,
                -0.9084628722161513,
                -0.004108664976560378,
                0.9923257846269801,
                0.12358258268807809,
                0.06496446072366832,
                0.0,
                0.0,
                0.0,
                1.0
            ],
            "fov": 39.33953629190312,
            "aspect": 1.7777777777777777,
            "frame_num": 929
        },
        {
            "camera_to_world": [
                0.47181695488005143,
                -0.107836229243095,
                0.8750772168936112,
                0.9681484295300486,
                0.881683656784537,
                0.06306513442417494,
                -0.46760741084570123,
                -0.8849844831867332,
                -0.004761839924284906,
                0.9921663851110449,
                0.12483263933568783,
                0.06721512819398866,
                0.0,
                0.0,
                0.0,
                1.0
            ],
            "fov": 39.33953629190312,
            "aspect": 1.7777777777777777,
            "frame_num": 928
        },
        {
            "camera_to_world": [
                0.4462611204528581,
                -0.10944274492101591,
                0.8881854112358717,
                0.976699974403652,
                0.8948854675329309,
                0.06074926867692419,
                -0.44214194423544395,
                -0.8612532341955962,
                -0.005567383685994252,
                0.9921349763039339,
                0.12504875745317182,
                0.0687313961298363,
                0.0,
                0.0,
                0.0,
                1.0
            ],
            "fov": 39.33953629190312,
            "aspect": 1.7777777777777777,
            "frame_num": 927
        },
        {
            "camera_to_world": [
                0.42034686220667344,
                -0.11125166501633264,
                0.9005174119582686,
                0.9849187832577627,
                0.9073434057213908,
                0.05814031763615645,
                -0.41635035734076864,
                -0.8374079337761997,
                -0.006036695376391621,
                0.9920901016377084,
                0.12538256357528568,
                0.06941993379282324,
                0.0,
                0.0,
                0.0,
                1.0
            ],
            "fov": 39.33953629190312,
            "aspect": 1.7777777777777777,
            "frame_num": 926
        },
        {
            "camera_to_world": [
                0.3943827125205438,
                -0.11351715458103502,
                0.9119079769673504,
                0.9929041710204847,
                0.9189220468327938,
                0.055922651867464146,
                -0.3904547366231475,
                -0.8134091749353994,
                -0.006672999098691483,
                0.9919609427310404,
                0.12636834210541353,
                0.06953429550274594,
                0.0,
                0.0,
                0.0,
                1.0
            ],
            "fov": 39.33953629190312,
            "aspect": 1.7777777777777777,
            "frame_num": 925
        },
        {
            "camera_to_world": [
                0.3678179602074453,
                -0.11526768865130016,
                0.9227260345724202,
                1.00033767002913,
                0.9298686102065429,
                0.05345526511446025,
                -0.36398746528253867,
                -0.7891741904401427,
                -0.0073685684175676235,
                0.9918951022508511,
                0.12684561102989125,
                0.06927124188390173,
                0.0,
                0.0,
                0.0,
                1.0
            ],
            "fov": 39.33953629190312,
            "aspect": 1.7777777777777777,
            "frame_num": 924
        },
        {
            "camera_to_world": [
                0.3409505847719904,
                -0.1175665527141811,
                0.9327008262044498,
                1.0070562457068777,
                0.9400461107679191,
                0.05121085959762926,
                -0.33718055992019086,
                -0.764640340508389,
                -0.008123252390965377,
                0.9917436931161436,
                0.12797835224068782,
                0.06856786648771174,
                0.0,
                0.0,
                0.0,
                1.0
            ],
            "fov": 39.33953629190312,
            "aspect": 1.7777777777777777,
            "frame_num": 923
        },
        {
            "camera_to_world": [
                0.28543215245850223,
                -0.12158634869078169,
                0.950655180878362,
                1.0180526347570789,
                0.9583541785962308,
                0.045792373333696054,
                -0.2818870330652391,
                -0.7146491894862319,
                -0.009259139218224565,
                0.9915239874360104,
                0.12959340024564706,
                0.06689507822948014,
                0.0,
                0.0,
                0.0,
                1.0
            ],
            "fov": 39.33953629190312,
            "aspect": 1.7777777777777777,
            "frame_num": 921
        },
        {
            "camera_to_world": [
                0.3136778328347817,
                -0.12011218658440843,
                0.9419019623070692,
                1.0129557004474894,
                0.9494899229082414,
                0.04872972234793832,
                -0.30999076269190035,
                -0.7398117027858905,
                -0.008664950155091826,
                0.9915636520652872,
                0.12933074363451444,
                0.0679236776526953,
                0.0,
                0.0,
                0.0,
                1.0
            ],
            "fov": 39.33953629190312,
            "aspect": 1.7777777777777777,
            "frame_num": 922
        },
        {
            "camera_to_world": [
                0.2570706935300423,
                -0.12332665799677028,
                0.9584911166678866,
                1.0223385731898174,
                0.9663424230765251,
                0.04291024129772834,
                -0.25365528784764857,
                -0.6893404514078635,
                -0.0098466235011356,
                0.9914379687738992,
                0.13020674631680348,
                0.06503138401834792,
                0.0,
                0.0,
                0.0,
                1.0
            ],
            "fov": 39.33953629190312,
            "aspect": 1.7777777777777777,
            "frame_num": 920
        },
        {
            "camera_to_world": [
                0.2280969883613362,
                -0.12449166277599043,
                0.9656467348754824,
                1.0259896656611962,
                0.9735806880967359,
                0.03996202386202138,
                -0.22481915601801006,
                -0.6638857027313476,
                -0.010601084622618391,
                0.9914155848351281,
                0.13031789538717148,
                0.062333869701199966,
                0.0,
                0.0,
                0.0,
                1.0
            ],
            "fov": 39.33953629190312,
            "aspect": 1.7777777777777777,
            "frame_num": 919
        },
        {
            "camera_to_world": [
                0.1992691722887574,
                -0.12556864161241243,
                0.9718664208598261,
                1.0290235964981522,
                0.9798824469688384,
                0.036718328292893926,
                -0.19616861876571626,
                -0.6382149785310459,
                -0.011052680614213937,
                0.9914052047035548,
                0.13035933815895082,
                0.05897970639514902,
                0.0,
                0.0,
                0.0,
                1.0
            ],
            "fov": 39.33953629190312,
            "aspect": 1.7777777777777777,
            "frame_num": 918
        },
        {
            "camera_to_world": [
                0.17013840498002156,
                -0.12657077476052075,
                0.9772577904029709,
                1.031139317368312,
                0.9853547333352012,
                0.03327974526838322,
                -0.16723779640828293,
                -0.612397518608419,
                -0.011355470153301007,
                0.9913991612001853,
                0.1303792743363115,
                0.055456835599487435,
                0.0,
                0.0,
                0.0,
                1.0
            ],
            "fov": 39.33953629190312,
            "aspect": 1.7777777777777777,
            "frame_num": 917
        },
        {
            "camera_to_world": [
                0.14067142607565897,
                -0.12789039002401317,
                0.9817614907915608,
                1.0324385434885655,
                0.9899887641774977,
                0.02975417053116146,
                -0.1379743042636033,
                -0.5866202726851998,
                -0.011565908508648309,
