{
    "camera_type": "perspective",
    "render_height": 1080.0,
    "render_width": 1920.0,
    "fps": 30.0,
    "seconds": 6.0,
    "is_cycle": false,
    "smoothness_value": 0.0,
    "default_fov": 39.33953629190312,
    "default_transition_sec": 2.0,
    "camera_path": [
        {
            "camera_to_world": [
                0.9999092398374734,
                -0.009238090405792336,
                -0.009804709399075491,
                0.16728166142124978,
                -0.009160485311325432,
                0.06736974123016672,
                -0.997686040705853,
                -1.4824942367112717,
                0.009877254673354643,
                0.9976853065657848,
                0.06727900500670804,
                0.09569939061785707,
                0.0,
                0.0,
                0.0,
                1.0
            ],
            "fov": 39.33953629190312,
            "aspect": 1.7777777777777777,
            "frame_num": 972
        },
        {
            "camera_to_world": [
                0.9999453067019606,
                -0.009595231457032592,
                -0.0041566442123671405,
                0.17356338843638136,
                -0.0034978163594975185,
                0.06768583032795865,
                -0.9977005693079511,
                -1.4823238699055123,
                0.009854513879251833,
                0.9976605410610093,
                0.06764856966630378,
                0.09694604260514944,
                0.0,
                0.0,
                0.0,
                1.0
            ],
            "fov": 39.33953629190312,
            "aspect": 1.7777777777777777,
            "frame_num": 971
        },
        {
            "camera_to_world": [
                0.9999402147640724,
                -0.010238787800466137,
                0.003833624271891857,
                0.18211888224701378,
                0.00452008135545494,
                0.0678859501602588,
                -0.9976828649321678,
                -1.4817544407265113,
                0.009954813967820853,
                0.9976405466290501,
                0.0679281753942727,
                0.0976731622046237,
                0.0,
                0.0,
                0.0,
                1.0
            ],
            "fov": 39.33953629190312,
            "aspect": 1.7777777777777777,
            "frame_num": 970
        },
        {
            "camera_to_world": [
                0.9998342975908605,
                -0.010915974291845001,
                0.014566448412370694,
                0.1933130057639046,
                0.015279340625577885,
                0.06835229114394735,
                -0.9975442538500734,
                -1.4808870405800418,
                0.00989351731585377,
                0.9976015241979795,
                0.06850775755217561,
                0.0980949274246462,
                0.0,
                0.0,
                0.0,
                1.0
            ],
            "fov": 39.33953629190312,
            "aspect": 1.7777777777777777,
            "frame_num": 969
        },
        {
            "camera_to_world": [
                0.9995378841106141,
                -0.01198850585838599,
                0.02793307194098658,
                0.2070726083899899,
                0.028693759069455416,
                0.0688332537192277,
                -0.9972154650409147,
                -1.4794749321351353,
                0.010032399176490108,
                0.9975561408708843,
                0.06914544373558797,
                0.0983611913242349,
                0.0,
                0.0,
                0.0,
                1.0
            ],
            "fov": 39.33953629190312,
            "aspect": 1.7777777777777777,
            "frame_num": 968
        },
        {
            "camera_to_world": [
                0.9989762005410119,
                -0.013092101345607671,
                0.04330254251311659,
                0.22255012428602586,
                0.04411324455695819,
                0.06975832640237603,
                -0.9965880943981203,
                -1.477727642596093,
                0.010026719340660338,
                0.9974780037957588,
                0.07026444659093699,
                0.09867646286714006,
                0.0,
                0.0,
                0.0,
                1.0
            ],
            "fov": 39.33953629190312,
            "aspect": 1.7777777777777777,
            "frame_num": 967
        },
        {
            "camera_to_world": [
                0.9980667613419254,
                -0.014651357889246723,
                0.06039900801785628,
                0.2398848258209344,
                0.06128611694114597,
                0.07048187694692802,
                -0.9956286201371441,
                -1.4754637448809111,
                0.01033027562874767,
                0.9974054531670634,
                0.07124354714553086,
                0.09915552355227877,
                0.0,
                0.0,
                0.0,
                1.0
            ],
            "fov": 39.33953629190312,
            "aspect": 1.7777777777777777,
            "frame_num": 966
        },
        {
            "camera_to_world": [
                0.9967644800349552,
                -0.015885803968429566,
                0.07879197374112513,
                0.2585692127563147,
                0.07972525498458777,
                0.07077820022122716,
                -0.9943009415840687,
                -1.4724279112985794,
                0.01021851552425907,
                0.9973655713313347,
                0.07181569936469044,
                0.09881277884373889,
                0.0,
                0.0,
                0.0,
                1.0
            ],
            "fov": 39.33953629190312,
            "aspect": 1.7777777777777777,
            "frame_num": 965
        },
        {
            "camera_to_world": [
                0.994958867328009,
                -0.01736009892427144,
                0.09876964029399359,
                0.27872400937761116,
                0.0997650974736171,
                0.07131481207776981,
                -0.9924520921678142,
                -1.4688169485985711,
                0.010185327861883352,
                0.9973027723876733,
                0.07268724025608295,
                0.09781737970132105,
                0.0,
                0.0,
                0.0,
                1.0
            ],
            "fov": 39.33953629190312,
            "aspect": 1.7777777777777777,
            "frame_num": 964
        },
        {
            "camera_to_world": [
                0.9893821756547377,
                -0.021184999860362288,
                0.14378480041615754,
                0.3233050060458021,
                0.1449561303947552,
                0.07225295804564237,
                -0.9867964646564725,
                -1.4582136169041764,
                0.010516405349898304,
                0.997161321500141,
                0.07455668805981182,
                0.0949924586101734,
                0.0,
                0.0,
                0.0,
                1.0
            ],
            "fov": 39.33953629190312,
            "aspect": 1.7777777777777777,
            "frame_num": 962
        },
        {
            "camera_to_world": [
                0.992533678793186,
                -0.019174084049255656,
                0.12045419675228024,
                0.3003621271161473,
                0.12153107689006058,
                0.07169030815993306,
                -0.9899953178726432,
                -1.4639879084064338,
                0.010346854570382785,
                0.9972426231776044,
                0.07348529601348236,
                0.09659318340384637,
                0.0,
                0.0,
                0.0,
                1.0
            ],
            "fov": 39.33953629190312,
            "aspect": 1.7777777777777777,
            "frame_num": 963
        },
        {
            "camera_to_world": [
                0.9853638692636607,
                -0.023387278655794375,
                0.16885213324066542,
                0.3474750537277869,
                0.17012991031875244,
                0.07292964409354313,
                -0.9827192442255325,
                -1.4512477639457546,
                0.010668802267587743,
                0.9970628352646704,
                0.07584111552443235,
                0.09346013506158769,
                0.0,
                0.0,
                0.0,
                1.0
            ],
            "fov": 39.33953629190312,
            "aspect": 1.7777777777777777,
            "frame_num": 961
        },
        {
            "camera_to_world": [
                0.9804269431833568,
                -0.026027905719990953,
                0.1951551171685487,
                0.3725473947844698,
                0.1965750130145062,
                0.0739744566649905,
                -0.9776942652809955,
                -1.4432516560034208,
                0.011010839749442952,
                0.996920419659958,
                0.0776429899273845,
                0.09249473037907929,
                0.0,
                0.0,
                0.0,
                1.0
            ],
            "fov": 39.33953629190312,
            "aspect": 1.7777777777777777,
            "frame_num": 960
        },
        {
            "camera_to_world": [
                0.9748084902897142,
                -0.02834964110045249,
                0.22123441789573292,
                0.39742046018483057,
                0.22277470151661907,
                0.07507673892957648,
                -0.971974767151782,
                -1.4342914835006235,
                0.010945576424748618,
                0.9967746868600011,
                0.07950102894752348,
                0.09209540587664351,
                0.0,
                0.0,
                0.0,
                1.0
            ],
            "fov": 39.33953629190312,
            "aspect": 1.7777777777777777,
            "frame_num": 959
        },
        {
            "camera_to_world": [
                0.9684302747516415,
                -0.030472024549607776,
                0.2474150787995919,
                0.42193913981078196,
                0.24905481988443068,
                0.07567325567521334,
                -0.9655285016050678,
                -1.4244585780829107,
                0.010698902844066794,
                0.9966669500558726,
                0.0808734799306728,
                0.0919849791783441,
                0.0,
                0.0,
                0.0,
                1.0
            ],
            "fov": 39.33953629190312,
            "aspect": 1.7777777777777777,
            "frame_num": 958
        },
        {
            "camera_to_world": [
                0.9614414841296112,
                -0.03241472761533157,
                0.27309251286217,
                0.4461197491293833,
                0.27481901903756134,
                0.07628830278062888,
                -0.9584647275606771,
                -1.4140849403251874,
                0.010234607825731205,
                0.9965587667195202,
                0.082254926229141,
                0.09162021450980082,
                0.0,
                0.0,
                0.0,
                1.0
            ],
            "fov": 39.33953629190312,
            "aspect": 1.7777777777777777,
            "frame_num": 957
        },
        {
            "camera_to_world": [
                0.9538088028428378,
                -0.03432059170040119,
                0.29844736078234424,
                0.4699441297922442,
                0.3002584439989714,
                0.07691634749208014,
                -0.9507516892646962,
                -1.4030561778303818,
                0.009674878593686856,
                0.996446670776444,
                0.08366854029189823,
                0.09099343701887978,
                0.0,
                0.0,
                0.0,
                1.0
            ],
            "fov": 39.33953629190312,
            "aspect": 1.7777777777777777,
            "frame_num": 956
        },
        {
            "camera_to_world": [
                0.9455562586099984,
                -0.03590445748725276,
                0.32347209197874843,
                0.49331095213226267,
                0.32533444235976516,
                0.07681751535794697,
                -0.9424736613256475,
                -1.3912111416375978,
                0.008990681988408914,
                0.9963984817786175,
                0.08431624255437563,
                0.08992124099221603,
                0.0,
                0.0,
                0.0,
                1.0
            ],
            "fov": 39.33953629190312,
            "aspect": 1.7777777777777777,
            "frame_num": 955
        },
        {
            "camera_to_world": [
                0.9364086871409659,
                -0.0378278037382172,
                0.3488664364257118,
                0.5163617649597484,
                0.35080698885298706,
                0.0766746653989399,
                -0.9333035329418506,
                -1.378779808789506,
                0.008555604372905038,
                0.9963383201350802,
                0.08506908413789203,
                0.08809751451043876,
                0.0,
                0.0,
                0.0,
                1.0
            ],
            "fov": 39.33953629190312,
            "aspect": 1.7777777777777777,
            "frame_num": 954
        },
        {
            "camera_to_world": [
                0.9266997178752546,
                -0.04007525183707604,
                0.37365969763036894,
                0.5390937853621885,
                0.3757118239880613,
                0.07694377569060236,
                -0.9235368498559858,
                -1.365567429916391,
                0.008260182570776714,
                0.9962297048299218,
                0.08636052460600063,
                0.08606523895872217,
                0.0,
                0.0,
                0.0,
                1.0
            ],
            "fov": 39.33953629190312,
            "aspect": 1.7777777777777777,
            "frame_num": 953
        },
        {
            "camera_to_world": [
                0.9161566859376452,
                -0.042689519763890696,
                0.39854045499444446,
                0.561513288846554,
                0.4007386366878443,
                0.07748731828614527,
                -0.9129097945110834,
                -1.3514750031586134,
                0.0080898482285978,
                0.996078970569971,
                0.08809786805447782,
                0.08451491267629857,
                0.0,
                0.0,
                0.0,
                1.0
            ],
            "fov": 39.33953629190312,
            "aspect": 1.7777777777777777,
            "frame_num": 952
        },
        {
            "camera_to_world": [
                0.9047953650686839,
                -0.04505046007786289,
                0.42345692337013435,
                0.5836566089402156,
                0.42577511570167464,
                0.07748388184519182,
                -0.9015053140427435,
                -1.336691602939673,
                0.007802141450583639,
                0.9959752503443413,
                0.08928842535374089,
                0.08333938242060572,
                0.0,
                0.0,
                0.0,
                1.0
            ],
            "fov": 39.33953629190312,
            "aspect": 1.7777777777777777,
            "frame_num": 951
        },
        {
            "camera_to_world": [
                0.8927524398894356,
                -0.047589708994769116,
                0.44802707867086783,
                0.605436374336191,
                0.45048392922798824,
                0.07757969400687142,
                -0.8894074729442022,
                -1.321500247306629,
                0.007568837561572801,
                0.9958496903975608,
                0.09069786350784749,
                0.08199392245544741,
                0.0,
                0.0,
                0.0,
                1.0
            ],
            "fov": 39.33953629190312,
            "aspect": 1.7777777777777777,
            "frame_num": 950
        },
        {
            "camera_to_world": [
                0.8799953739833701,
                -0.049940845158839314,
                0.4723494641743434,
                0.6268221671978387,
                0.4749280524230846,
                0.07749457749783549,
                -0.8766059364525928,
                -1.3056655658540897,
                0.0071739175067087775,
                0.9957411800387151,
                0.09191318128839247,
                0.08077351925269208,
                0.0,
                0.0,
                0.0,
                1.0
            ],
            "fov": 39.33953629190312,
            "aspect": 1.7777777777777777,
            "frame_num": 949
        },
        {
            "camera_to_world": [
                0.8666814743056379,
                -0.052356178430693394,
                0.49610685867929594,
                0.6477311226835936,
                0.49881590960154637,
                0.07744651696958824,
                -0.8632408456980823,
                -1.289421968750628,
                0.006774241735183321,
                0.9956208428727888,
                0.09323755948130406,
                0.07953982422413834,
                0.0,
                0.0,
                0.0,
                1.0
            ],
            "fov": 39.33953629190312,
            "aspect": 1.7777777777777777,
            "frame_num": 948
        },
        {
            "camera_to_world": [
                0.8526360878409582,
                -0.05491571147805184,
                0.5196113248354246,
                0.6680878041624287,
                0.5224664844218518,
                0.0775004245293845,
                -0.8491304312044854,
                -1.2725324095171135,
                0.006360501653696327,
                0.995478751151691,
                0.09477128064989947,
                0.07878372070982381,
                0.0,
                0.0,
                0.0,
                1.0
            ],
            "fov": 39.33953629190312,
            "aspect": 1.7777777777777777,
            "frame_num": 947
        },
        {
            "camera_to_world": [
                0.8378714110372751,
                -0.05674049972062215,
                0.5429106526961496,
                0.688006818992975,
                0.5458369073184471,
                0.07653410230047829,
                -0.8343887787704075,
                -1.2551662281736535,
                0.0057924549004972035,
                0.995451175113582,
                0.09509679827971831,
                0.0776724203526964,
                0.0,
                0.0,
                0.0,
                1.0
            ],
            "fov": 39.33953629190312,
            "aspect": 1.7777777777777777,
            "frame_num": 946
        },
        {
            "camera_to_world": [
                0.822518825499684,
                -0.05854497661594316,
                0.5657165632759561,
                0.707355107260543,
                0.5687135426035516,
                0.07546480132709545,
                -0.819066543428469,
                -1.237506691221104,
                0.005260541557673112,
                0.9954283221944672,
                0.09536654385824685,
                0.0751925882958774,
                0.0,
                0.0,
                0.0,
                1.0
            ],
            "fov": 39.33953629190312,
            "aspect": 1.7777777777777777,
            "frame_num": 945
        },
        {
            "camera_to_world": [
                0.8062905430453544,
                -0.061742122025112804,
                0.5882885627959832,
                0.7263469773833228,
                0.591497676110275,
                0.0755757658784807,
                -0.8027570212161986,
                -1.2192900760010155,
                0.005103561166394544,
                0.9952267124227091,
                0.09745635000114755,
                0.07278323022351768,
                0.0,
                0.0,
                0.0,
                1.0
            ],
            "fov": 39.33953629190312,
            "aspect": 1.7777777777777777,
            "frame_num": 944
        },
        {
            "camera_to_world": [
                0.7892367614947937,
                -0.06474006828877579,
                0.6106668653335258,
                0.7449639050754472,
                0.6140680179139784,
                0.0749779884366838,
                -0.7856836532403265,
                -1.2003250928228133,
                0.005078638010076981,
                0.9950814137225887,
                0.09893019312452582,
                0.07184923580804466,
                0.0,
                0.0,
                0.0,
                1.0
            ],
            "fov": 39.33953629190312,
            "aspect": 1.7777777777777777,
            "frame_num": 943
        },
        {
            "camera_to_world": [
                0.7715178320960269,
                -0.06743856191687914,
                0.6326232983992365,
                0.7634821547883481,
                0.6361890193698031,
                0.07416108348066794,
                -0.7679607396697701,
                -1.1811715795956368,
                0.004874136379410327,
                0.9949634009254464,
                0.10012027379738517,
                0.07195850985673595,
                0.0,
                0.0,
                0.0,
                1.0
            ],
            "fov": 39.33953629190312,
            "aspect": 1.7777777777777777,
            "frame_num": 942
        },
        {
            "camera_to_world": [
                0.7533070936806519,
                -0.06925998560131884,
                0.6540118038369143,
                0.7820707085366072,
                0.6576541549295983,
                0.07266524288478642,
                -0.7498071800964634,
                -1.1624814874778964,
                0.004407705574337312,
                0.9949486479124944,
                0.10028836303633848,
                0.07201400900956705,
                0.0,
                0.0,
                0.0,
                1.0
            ],
            "fov": 39.33953629190312,
            "aspect": 1.7777777777777777,
            "frame_num": 941
        },
        {
            "camera_to_world": [
                0.7167532211099726,
                -0.07259842086578396,
                0.693537491322115,
                0.8188035993406321,
                0.6973194155050693,
                0.07000966429783592,
                -0.7133332405043606,
                -1.1256420915679968,
                0.0032325373715933305,
                0.9949010560321498,
                0.10080394347491256,
                0.06803638159230888,
                0.0,
                0.0,
                0.0,
                1.0
            ],
            "fov": 39.33953629190312,
            "aspect": 1.7777777777777777,
            "frame_num": 939
        },
        {
            "camera_to_world": [
                0.735028605030758,
                -0.07102186406952861,
                0.6743061672294915,
                0.800784278340483,
                0.6780250125515707,
                0.0713046596602217,
                -0.7315721155218133,
                -1.1442005238436195,
                0.0038764411614934445,
                0.9949228791424095,
                0.10056556754048049,
                0.07067312733912541,
                0.0,
                0.0,
                0.0,
                1.0
            ],
            "fov": 39.33953629190312,
            "aspect": 1.7777777777777777,
            "frame_num": 940
        },
        {
            "camera_to_world": [
                0.6980398075235695,
                -0.07384513193335417,
                0.7122410309405822,
                0.8357746946254674,
                0.7160543523402638,
                0.06842049132877766,
                -0.6946832610656265,
                -1.1063007572150467,
                0.002567093219541665,
                0.9949198600663791,
                0.10063735732687919,
                0.0638360746933623,
                0.0,
                0.0,
                0.0,
                1.0
            ],
            "fov": 39.33953629190312,
            "aspect": 1.7777777777777777,
            "frame_num": 938
        },
        {
            "camera_to_world": [
                0.6784234270096087,
                -0.07627245042053286,
                0.7307011218990188,
                0.8521044795691843,
                0.73466741589137,
                0.06727440530521878,
                -0.6750836798221421,
                -1.0863270849975581,
                0.0023328004340019476,
                0.9948148887036246,
                0.10167541919052576,
                0.05954876463501879,
                0.0,
                0.0,
                0.0,
                1.0
            ],
            "fov": 39.33953629190312,
            "aspect": 1.7777777777777777,
            "frame_num": 937
        },
        {
            "camera_to_world": [
                0.6582176062377433,
                -0.07823370008899835,
                0.7487516501231496,
                0.8677669212460694,
                0.7528248588788784,
                0.06565666255460384,
                -0.6549381397201318,
                -1.065561134947995,
                0.002077696869599895,
                0.9947706700113813,
                0.102112647956384,
                0.05608008246364434,
                0.0,
                0.0,
                0.0,
                1.0
            ],
            "fov": 39.33953629190312,
            "aspect": 1.7777777777777777,
            "frame_num": 936
        },
        {
            "camera_to_world": [
                0.6371810500007964,
                -0.080955079307735,
                0.7664506162873514,
                0.8826190216700533,
                0.7707117255428251,
                0.06443009625731831,
                -0.6339181580858475,
                -1.0442508234448182,
                0.001936405011338337,
                0.9946331147218573,
                0.10344666764167702,
                0.05284608022701901,
                0.0,
                0.0,
                0.0,
                1.0
            ],
            "fov": 39.33953629190312,
            "aspect": 1.7777777777777777,
            "frame_num": 935
        },
        {
            "camera_to_world": [
                0.6156524234658208,
                -0.08372076406674307,
                0.7835578406842993,
                0.8962919806644206,
                0.7880160534120174,
                0.06329708890477123,
                -0.6123922031223201,
                -1.0224069620847813,
                0.0016730100184334771,
                0.9944769013197761,
                0.10494231458631784,
                0.05084895126100369,
                0.0,
                0.0,
                0.0,
                1.0
            ],
            "fov": 39.33953629190312,
            "aspect": 1.7777777777777777,
            "frame_num": 934
        },
        {
            "camera_to_world": [
                0.5932543185483603,
                -0.08632687442188798,
                0.8003730048104868,
                0.9093209761801413,
                0.8050133611682787,
                0.061548086449920755,
                -0.5900553819251059,
                -0.9998576772437481,
                0.0016762070702320746,
                0.9943638664266491,
                0.10600795765762974,
                0.049702231320703595,
                0.0,
                0.0,
                0.0,
                1.0
            ],
            "fov": 39.33953629190312,
            "aspect": 1.7777777777777777,
            "frame_num": 933
        },
        {
            "camera_to_world": [
                0.5703840232852011,
                -0.08954150659945945,
                0.816482912944286,
                0.9216261511005961,
                0.8213761560939428,
                0.059985810912425164,
                -0.567223893214485,
                -0.9767622194172412,
                0.0018126893926880207,
                0.9941750429971947,
                0.10776220882355116,
                0.04983420886456539,
                0.0,
                0.0,
                0.0,
                1.0
            ],
            "fov": 39.33953629190312,
            "aspect": 1.7777777777777777,
            "frame_num": 932
        },
        {
            "camera_to_world": [
                0.5222228820839148,
                -0.09458722707462322,
                0.8475473322802706,
                0.9440926999195864,
                0.8528079123383032,
                0.05629807995703674,
                -0.5191813008865164,
                -0.9290051553152585,
                0.001392629046376791,
                0.9939234264673601,
                0.11006488320786222,
                0.05288375733409492,
                0.0,
                0.0,
                0.0,
                1.0
            ],
            "fov": 39.33953629190312,
            "aspect": 1.7777777777777777,
            "frame_num": 930
        },
        {
            "camera_to_world": [
                0.5466108228238299,
                -0.0923495631618999,
                0.8322788770050343,
                0.9332204605468256,
                0.8373853433750251,
                0.058440532231086216,
                -0.5434800118101105,
                -0.9530991460541103,
                0.0015513181253389513,
                0.9940101897853276,
                0.10927640013676462,
                0.05124515432682612,
                0.0,
                0.0,
                0.0,
                1.0
            ],
            "fov": 39.33953629190312,
            "aspect": 1.7777777777777777,
            "frame_num": 931
        },
        {
            "camera_to_world": [
                0.49757338063346646,
                -0.09729272681860979,
                0.8619482691822536,
                0.9543219229417147,
                0.867421251577709,
                0.054597904329425864,
                -0.4945699884728909,
                -0.9047885166535823,
                0.0010574905152278902,
                0.9937571077240805,
                0.11156024459241505,
                0.054702576696848894,
                0.0,
                0.0,
                0.0,
                1.0
            ],
            "fov": 39.33953629190312,
            "aspect": 1.7777777777777777,
            "frame_num": 929
        },
        {
            "camera_to_world": [
                0.4725060816550815,
                -0.0999105095756434,
                0.8756459646617442,
                0.9638102758532467,
                0.8813271006269392,
                0.05272041243477686,
                -0.4695563141488992,
                -0.8803568774855166,
                0.0007491910367669884,
                0.9935987334829938,
                0.11296455703281509,
                0.05722942680498084,
                0.0,
                0.0,
                0.0,
                1.0
            ],
            "fov": 39.33953629190312,
            "aspect": 1.7777777777777777,
            "frame_num": 928
        },
        {
            "camera_to_world": [
                0.4469557809014362,
                -0.10151917196606294,
                0.8887768843726819,
                0.9727541563436556,
                0.8945560166878181,
                0.05040622299040368,
                -0.444104467479606,
                -0.855653321880903,
                0.0002852287521643431,
                0.9935557686381954,
                0.11334394056217886,
                0.058998132008817865,
                0.0,
                0.0,
                0.0,
                1.0
            ],
            "fov": 39.33953629190312,
            "aspect": 1.7777777777777777,
            "frame_num": 927
        },
        {
            "camera_to_world": [
                0.4210491085628015,
                -0.10333058575653846,
                0.9011328430252552,
                0.9813445916393382,
                0.907037840951829,
                0.047799259413248404,
                -0.41832716649157226,
                -0.8308216060253125,
                0.0001525053444195828,
                0.9934978690620493,
                0.11385058859367335,
                0.05990840643625551,
                0.0,
                0.0,
                0.0,
                1.0
            ],
            "fov": 39.33953629190312,
            "aspect": 1.7777777777777777,
            "frame_num": 926
        },
        {
            "camera_to_world": [
                0.39509048199170077,
                -0.10559889370923542,
                0.9125526545027696,
                0.9896871960055251,
                0.918642209007969,
                0.04558479098559672,
                -0.39245197286246064,
                -0.805823523603628,
                -0.0001560311719899467,
                0.9933634256679699,
                0.11501771955358743,
                0.06022404365161289,
                0.0,
                0.0,
                0.0,
                1.0
            ],
            "fov": 39.33953629190312,
            "aspect": 1.7777777777777777,
            "frame_num": 925
        },
        {
            "camera_to_world": [
                0.36853026998121685,
                -0.10735197049766138,
                0.9233964246687012,
                0.997451831141968,
                0.9296156123072369,
                0.04311955983515058,
                -0.3659993842319176,
                -0.7805747371108684,
                -0.0005256956499592871,
                0.9932855847961356,
                0.11568693224440586,
                0.060153593366130936,
                0.0,
                0.0,
                0.0,
                1.0
            ],
            "fov": 39.33953629190312,
            "aspect": 1.7777777777777777,
            "frame_num": 924
        },
        {
            "camera_to_world": [
                0.3416663284756366,
                -0.10965385086113458,
                0.9334024402852193,
                1.0044681532687314,
                0.9398208458751123,
                0.04087861218889539,
                -0.3392134270160565,
                -0.7550091612623983,
                -0.0009601412385472088,
                0.9931288773484073,
                0.11702182154338911,
                0.05963354601303892,
                0.0,
                0.0,
                0.0,
                1.0
            ],
            "fov": 39.33953629190312,
            "aspect": 1.7777777777777777,
            "frame_num": 923
        },
        {
            "camera_to_world": [
                0.28615606057447335,
                -0.11367982094617878,
                0.9514155610768841,
                1.015956182423696,
                0.9581819219455496,
                0.03546578193599102,
                -0.28395354393329975,
                -0.7029109740187207,
                -0.0014629122607811341,
                0.9928842186184902,
                0.11907469889907864,
                0.05834655650396314,
                0.0,
                0.0,
                0.0,
                1.0
            ],
            "fov": 39.33953629190312,
            "aspect": 1.7777777777777777,
            "frame_num": 921
        },
        {
            "camera_to_world": [
                0.31439809526099927,
                -0.11220291946906039,
                0.9426368893226986,
                1.0106317151852775,
                0.949290501548425,
                0.03840143380482216,
                -0.3120463201121778,
                -0.7291364304060542,
                -0.0011861034194411329,
                0.9929430143279097,
                0.11858650457755195,
                0.0591851683456942,
                0.0,
                0.0,
                0.0,
                1.0
            ],
            "fov": 39.33953629190312,
            "aspect": 1.7777777777777777,
            "frame_num": 922
        },
        {
            "camera_to_world": [
                0.257797567056174,
                -0.11542318233500978,
                0.9592798684183232,
                1.0204288344864565,
                0.9661973970406184,
                0.03258603272138794,
                -0.25573574792604503,
                -0.6765233757404431,
                -0.0017412948223031707,
                0.9927817657530449,
                0.11992217931828604,
                0.0566461494035654,
                0.0,
                0.0,
                0.0,
                1.0
            ],
            "fov": 39.33953629190312,
            "aspect": 1.7777777777777777,
            "frame_num": 920
        },
        {
            "camera_to_world": [
                0.22882489134877598,
                -0.11659080841482627,
                0.9664604053169994,
                1.024233226453891,
                0.9734651525563484,
                0.029639097112466734,
                -0.22690780732421442,
                -0.6499740118473374,
                -0.0021896526488694398,
                0.9927376804985482,
                0.12027925320469389,
                0.05408381547635295,
                0.0,
                0.0,
                0.0,
                1.0
            ],
            "fov": 39.33953629190312,
            "aspect": 1.7777777777777777,
            "frame_num": 919
        },
        {
            "camera_to_world": [
                0.1999997141725345,
                -0.11767056478645133,
                0.9727043307536168,
                1.0273893106364298,
                0.9797931615584805,
                0.02639650691247227,
                -0.19826400916438677,
                -0.6231919353872923,
                -0.002346162212073062,
                0.9927017969058337,
                0.12057210935636169,
                0.0508447725202193,
                0.0,
                0.0,
                0.0,
                1.0
            ],
            "fov": 39.33953629190312,
            "aspect": 1.7777777777777777,
            "frame_num": 918
        },
        {
            "camera_to_world": [
                0.17087207765938217,
                -0.11867560745097365,
                0.9781200313998318,
                1.0295873725330156,
                0.9852904104654175,
                0.022958937760979924,
                -0.16933908753047977,
                -0.5962543946578727,
                -0.0023601814243406744,
                0.992667609201653,
                0.12085298009299364,
                0.04743915126603187,
                0.0,
                0.0,
                0.0,
                1.0
            ],
            "fov": 39.33953629190312,
            "aspect": 1.7777777777777777,
            "frame_num": 917
        },
        {
            "camera_to_world": [
                0.14140826735167578,
                -0.119998601653063,
                0.9826515150749049,
                1.0309341443851163,
                0.9899487350396617,
                0.019435160606948082,
                -0.1400850058694165,
                -0.5693574698669791,
