{
    "camera_type": "perspective",
    "render_height": 1080.0,
    "render_width": 1920.0,
    "fps": 30.0,
    "seconds": 6.0,
    "is_cycle": false,
    "smoothness_value": 0.0,
    "default_fov": 39.33953629190312,
    "default_transition_sec": 2.0,
    "camera_path": [
        {
            "camera_to_world": [
                0.9999141210871925,
                -0.008616658189557196,
                -0.00987392203750765,
                0.147841726914457,
                -0.009473926266870684,
                0.04528840936244454,
                -0.9989290344192558,
                -1.2724078017971332,
                0.009054604301573514,
                0.9989367923223982,
                0.04520288726544814,
                0.06107803683051475,
                0.0,
                0.0,
                0.0,
                1.0
            ],
            "fov": 39.33953629190312,
            "aspect": 1.7777777777777777,
            "frame_num": 972
        },
        {
            "camera_to_world": [
                0.9999508017906791,
                -0.008973779370429504,
                -0.004225632061653296,
                0.15358886593162807,
                -0.003812143095220721,
                0.04560500360119604,
                -0.998952282303231,
                -1.2722777724516943,
                0.009157087376928358,
                0.9989192443868081,
                0.045568551392519495,
                0.06221807187855958,
                0.0,
                0.0,
                0.0,
                1.0
            ],
            "fov": 39.33953629190312,
            "aspect": 1.7777777777777777,
            "frame_num": 971
        },
        {
            "camera_to_world": [
                0.9999466605492707,
                -0.009617325713399596,
                0.0037648090011697674,
                0.16141575720075396,
                0.004201575405695002,
                0.04580557927175204,
                -0.9989415432241101,
                -1.2717724676440403,
                0.009434696954820342,
                0.9989040783925889,
                0.04584354475361031,
                0.06288975265144897,
                0.0,
                0.0,
                0.0,
                1.0
            ],
            "fov": 39.33953629190312,
            "aspect": 1.7777777777777777,
            "frame_num": 970
        },
        {
            "camera_to_world": [
                0.9998418985908849,
                -0.010294484390897808,
                0.014498003229108767,
                0.1716562815930257,
                0.014959568686242557,
                0.04627273508061024,
                -0.9988168282523869,
                -1.2709887072649098,
                0.009611441998679224,
                0.9988757978119155,
                0.04641942114964328,
                0.06328670625775973,
                0.0,
                0.0,
                0.0,
                1.0
            ],
            "fov": 39.33953629190312,
            "aspect": 1.7777777777777777,
            "frame_num": 969
        },
        {
            "camera_to_world": [
                0.9995470579337473,
                -0.011366990365086382,
                0.027865053209374303,
                0.18424363153688877,
                0.02836766280858224,
                0.0467546880295989,
                -0.9985035232593377,
                -1.2697038606128828,
                0.010047158061382754,
                0.998841725475926,
                0.047055966621863336,
                0.06355101562729767,
                0.0,
                0.0,
                0.0,
                1.0
            ],
            "fov": 39.33953629190312,
            "aspect": 1.7777777777777777,
            "frame_num": 968
        },
        {
            "camera_to_world": [
                0.998987080583008,
                -0.012470531170459924,
                0.04323527916986457,
                0.19840256170150092,
                0.043783556541852675,
                0.04768136987938166,
                -0.9979025494757738,
                -1.2681136151338586,
                0.010382857500708947,
                0.9987847489284906,
                0.04817907750803038,
                0.06386595614263577,
                0.0,
                0.0,
                0.0,
                1.0
            ],
            "fov": 39.33953629190312,
            "aspect": 1.7777777777777777,
            "frame_num": 967
        },
        {
            "camera_to_world": [
                0.9980797323694224,
                -0.014029751855225947,
                0.060332450477283375,
                0.2142605591625847,
                0.06094560270604075,
                0.04840649963943566,
                -0.9969666270295772,
                -1.2660543795769432,
                0.01106671161943386,
                0.9987291818745804,
                0.04916859869486204,
                0.06434009430148493,
                0.0,
                0.0,
                0.0,
                1.0
            ],
            "fov": 39.33953629190312,
            "aspect": 1.7777777777777777,
            "frame_num": 966
        },
        {
            "camera_to_world": [
                0.9967794269348604,
                -0.01526418939874698,
                0.07872591216201867,
                0.23135284216030735,
                0.07938282849701053,
                0.04870375252256153,
                -0.9956537159762486,
                -1.263272655583887,
                0.011363599514870738,
                0.9986966260501093,
                0.04975861386480536,
                0.06407749766888725,
                0.0,
                0.0,
                0.0,
                1.0
            ],
            "fov": 39.33953629190312,
            "aspect": 1.7777777777777777,
            "frame_num": 965
        },
        {
            "camera_to_world": [
                0.9949760160196756,
                -0.016738463236631033,
                0.09870431641230829,
                0.2497899225350328,
                0.09941867832097771,
                0.0492417653856787,
                -0.9938265372034946,
                -1.2599518677418815,
                0.011774754110797129,
                0.998646621313489,
                0.050658492243020194,
                0.06322881485230794,
                0.0,
                0.0,
                0.0,
                1.0
            ],
            "fov": 39.33953629190312,
            "aspect": 1.7777777777777777,
            "frame_num": 964
        },
        {
            "camera_to_world": [
                0.9894045395862112,
                -0.020563346510064008,
                0.1437212458575134,
                0.2905713658626339,
                0.1445918762213368,
                0.05018318223895882,
                -0.9882180167647433,
                -1.2502012974379888,
                0.013108679942906374,
                0.9985283165083031,
                0.0526247619738231,
                0.06083459372834025,
                0.0,
                0.0,
                0.0,
                1.0
            ],
            "fov": 39.33953629190312,
            "aspect": 1.7777777777777777,
            "frame_num": 962
        },
        {
            "camera_to_world": [
                0.9925533405962487,
                -0.01855244341488873,
                0.12038963243940783,
                0.269583915269856,
                0.12117599657448874,
                0.04961867631344973,
                -0.9913901229699427,
                -1.255512578008468,
                0.012419134883007669,
                0.9985959121055108,
                0.05149729455489859,
                0.06219468957111272,
                0.0,
                0.0,
                0.0,
                1.0
            ],
            "fov": 39.33953629190312,
            "aspect": 1.7777777777777777,
            "frame_num": 963
        },
        {
            "camera_to_world": [
                0.9853891188119821,
                -0.022765610486384768,
                0.16878981660769352,
                0.31268156948696996,
                0.16975651818085338,
                0.05086209510784015,
                -0.9841726387802253,
                -1.2438017556758345,
                0.01382028712915612,
                0.9984461808865871,
                0.05398356664957455,
                0.059560469358595186,
                0.0,
                0.0,
                0.0,
                1.0
            ],
            "fov": 39.33953629190312,
            "aspect": 1.7777777777777777,
            "frame_num": 961
        },
        {
            "camera_to_world": [
                0.9804553361732344,
                -0.025406208869960718,
                0.1950944617476799,
                0.3356175997997138,
                0.19618806696806107,
                0.051910058653951575,
                -0.97919129862206,
                -1.2364715343632917,
                0.014750173571594442,
                0.9983285392223032,
                0.05587988981219357,
                0.05882516057296582,
                0.0,
                0.0,
                0.0,
                1.0
            ],
            "fov": 39.33953629190312,
            "aspect": 1.7777777777777777,
            "frame_num": 960
        },
        {
            "camera_to_world": [
                0.9748397489878784,
                -0.027727911297146274,
                0.2211755352942077,
                0.3583717524913232,
                0.22238333611402114,
                0.053015520193157514,
                -0.9735168296155564,
                -1.228271053650661,
                0.015267852086592515,
                0.9982086552499325,
                0.057847862608189235,
                0.058627183609395714,
                0.0,
                0.0,
                0.0,
                1.0
            ],
            "fov": 39.33953629190312,
            "aspect": 1.7777777777777777,
            "frame_num": 959
        },
        {
            "camera_to_world": [
                0.9684642965762444,
                -0.029850294523001777,
                0.2473577507544511,
                0.38080197009044325,
                0.24866310156722313,
                0.05361448019679034,
                -0.9671050411095345,
                -1.2192782199820096,
                0.015606412907526913,
                0.9981154488787362,
                0.05934637745736328,
                0.058711278449647936,
                0.0,
                0.0,
                0.0,
                1.0
            ],
            "fov": 39.33953629190312,
            "aspect": 1.7777777777777777,
            "frame_num": 958
        },
        {
            "camera_to_world": [
                0.9614780780685972,
                -0.03179299561828897,
                0.2730368134656258,
                0.4029228382315477,
                0.27443194650341507,
                0.05423195843174405,
                -0.9600760451809438,
                -1.2097856783373648,
                0.01571637218363182,
                0.9980220949321404,
                0.06086785361913269,
                0.058573897246358676,
                0.0,
                0.0,
                0.0,
                1.0
            ],
            "fov": 39.33953629190312,
            "aspect": 1.7777777777777777,
            "frame_num": 957
        },
        {
            "camera_to_world": [
                0.9538478742753523,
                -0.033698858706276966,
                0.29839338187469444,
                0.42471775323972266,
                0.2998782700182296,
                0.05486251404602349,
                -0.9523986239126455,
                -1.1996886531296715,
                0.015724135338452735,
                0.9979250940481637,
                0.06243604862877233,
                0.05821034555498203,
                0.0,
                0.0,
                0.0,
                1.0
            ],
            "fov": 39.33953629190312,
            "aspect": 1.7777777777777777,
            "frame_num": 956
        },
        {
            "camera_to_world": [
                0.9455976907587155,
                -0.035282764818439144,
                0.32341942493128445,
                0.4460939335093423,
                0.3249640689465121,
                0.05476492589078851,
                -0.9441393794843957,
                -1.1888360442730945,
                0.015599806607281217,
                0.9978757093217019,
                0.0632512190481619,
                0.057456205552050145,
                0.0,
                0.0,
                0.0,
                1.0
            ],
            "fov": 39.33953629190312,
            "aspect": 1.7777777777777777,
            "frame_num": 955
        },
        {
            "camera_to_world": [
                0.9364526774391497,
                -0.03720616358132412,
                0.34881524478287707,
                0.46718066990063006,
                0.35044089627982006,
                0.054623628486584135,
                -0.9349906141415716,
                -1.1774319988031363,
                0.015733859137668532,
                0.9978135910360671,
                0.06419100522578856,
                0.05602678670197595,
                0.0,
                0.0,
                0.0,
                1.0
            ],
            "fov": 39.33953629190312,
            "aspect": 1.7777777777777777,
            "frame_num": 954
        },
        {
            "camera_to_world": [
                0.9267462894227732,
                -0.03945364827550715,
                0.37361037908924,
                0.48797574207216843,
                0.37534711695962886,
                0.054895293718567675,
                -0.9252572937431642,
                -1.1653093922371633,
                0.01599532405740838,
                0.9977123424198341,
                0.06568282365260796,
                0.05442261966291236,
                0.0,
                0.0,
                0.0,
                1.0
            ],
            "fov": 39.33953629190312,
            "aspect": 1.7777777777777777,
            "frame_num": 953
        },
        {
            "camera_to_world": [
                0.9162059293869046,
                -0.042067948223217015,
                0.39849337933383244,
                0.508485289507458,
                0.40037259991397367,
                0.05544229133208543,
                -0.914673682073148,
                -1.1523916523211326,
                0.016385058769414415,
                0.9975752813261078,
                0.06763941061106919,
                0.05327720585462755,
                0.0,
                0.0,
                0.0,
                1.0
            ],
            "fov": 39.33953629190312,
            "aspect": 1.7777777777777777,
            "frame_num": 952
        },
        {
            "camera_to_world": [
                0.9048472094105956,
                -0.0444289523177705,
                0.42341184029515994,
                0.5287424700179426,
                0.4254104223044318,
                0.05544137927450864,
                -0.9033007456911472,
                -1.1388495342140366,
                0.016658169013142123,
                0.9974729688098848,
                0.06906651743266819,
                0.05248870132677127,
                0.0,
                0.0,
                0.0,
                1.0
            ],
            "fov": 39.33953629190312,
            "aspect": 1.7777777777777777,
            "frame_num": 951
        },
        {
            "camera_to_world": [
                0.8928068823969922,
                -0.04696826741871458,
                0.44798419981577237,
                0.5486670224220082,
                0.4501195224133477,
                0.055540191906777524,
                -0.8912394255937147,
                -1.1249308460748177,
                0.016978842907601054,
                0.9973511271273411,
                0.07072800041634497,
                0.05155324518359653,
                0.0,
                0.0,
                0.0,
                1.0
            ],
            "fov": 39.33953629190312,
            "aspect": 1.7777777777777777,
            "frame_num": 950
        },
        {
            "camera_to_world": [
                0.8800522859827593,
                -0.04931947936907772,
                0.4723087481463942,
                0.5682313109194853,
                0.47456764083672637,
                0.05545772475189076,
                -0.878470264803132,
                -1.110426293107624,
                0.01713252718990075,
                0.9972422130861868,
                0.07221112713844656,
                0.050745399399736844,
                0.0,
                0.0,
                0.0,
                1.0
            ],
            "fov": 39.33953629190312,
            "aspect": 1.7777777777777777,
            "frame_num": 949
        },
        {
            "camera_to_world": [
                0.8667407912961301,
                -0.05173489158509635,
                0.4960684351784211,
                0.5873594304666236,
                0.4984597886462048,
                0.05541257232807137,
                -0.8651400447546305,
                -1.0955474509695877,
                0.017269497998969686,
                0.9971223343495842,
                0.0738161006261683,
                0.049933940132277164,
                0.0,
                0.0,
                0.0,
                1.0
            ],
            "fov": 39.33953629190312,
            "aspect": 1.7777777777777777,
            "frame_num": 948
        },
        {
            "camera_to_world": [
                0.8526977749919715,
                -0.05429450563233552,
                0.5195754053707821,
                0.6059826732640562,
                0.5221150943290948,
                0.055469858214037805,
                -0.851069288724903,
                -1.0800874514188301,
                0.017387611825049096,
                0.9969830506697455,
                0.07564700631103898,
                0.04957264808251348,
                0.0,
                0.0,
                0.0,
                1.0
            ],
            "fov": 39.33953629190312,
            "aspect": 1.7777777777777777,
            "frame_num": 947
        },
        {
            "camera_to_world": [
                0.8379353424598074,
                -0.0561194176532488,
                0.5428765637816356,
                0.6242053942382644,
                0.5454937993533023,
                0.05450455970440065,
                -0.8363407074546866,
                -1.0641843270761888,
                0.01734570496241092,
                0.9969352364957358,
                0.0762840919464961,
                0.04889639771880845,
                0.0,
                0.0,
                0.0,
                1.0
            ],
            "fov": 39.33953629190312,
            "aspect": 1.7777777777777777,
            "frame_num": 946
        },
        {
            "camera_to_world": [
                0.8225849687884166,
                -0.05792402684167248,
                0.5656843350510389,
                0.6419052833416106,
                0.5683780955640584,
                0.05343620120550502,
                -0.8210304038164338,
                -1.0479851722764335,
                0.017329364766209613,
                0.9968898541697293,
                0.07687856464456463,
                0.04697480114098745,
                0.0,
                0.0,
                0.0,
                1.0
            ],
            "fov": 39.33953629190312,
            "aspect": 1.7777777777777777,
            "frame_num": 945
        },
        {
            "camera_to_world": [
                0.8063591188314531,
                -0.06112128343547483,
                0.5882594248058368,
                0.6592792231978227,
                0.591161705402915,
                0.053551908481738346,
                -0.8047732862554259,
                -1.0312779302059947,
                0.01768636079538974,
                0.996692722776705,
                0.07931463255494904,
                0.0451291295197399,
                0.0,
                0.0,
                0.0,
                1.0
            ],
            "fov": 39.33953629190312,
            "aspect": 1.7777777777777777,
            "frame_num": 944
        },
        {
            "camera_to_world": [
                0.7893078274902969,
                -0.0641193848475989,
                0.6106405232488621,
                0.6763110783732376,
                0.6137287354033055,
                0.05295778234262763,
                -0.7877388677327578,
                -1.0139160773819336,
                0.018171163226813884,
                0.9965360904648699,
                0.08115190176163768,
                0.044648118983441745,
                0.0,
                0.0,
                0.0,
                1.0
            ],
            "fov": 39.33953629190312,
            "aspect": 1.7777777777777777,
            "frame_num": 943
        },
        {
            "camera_to_world": [
                0.7715912280916979,
                -0.06681804118257881,
                0.6325996496907023,
                0.6932532709898784,
                0.6358505713789931,
                0.052143949695001066,
                -0.7700487455314045,
                -0.9964029014035739,
                0.01846690398978987,
                0.9964017059911339,
                0.08272010448822606,
                0.0451251098542633,
                0.0,
                0.0,
                0.0,
                1.0
            ],
            "fov": 39.33953629190312,
            "aspect": 1.7777777777777777,
            "frame_num": 942
        },
        {
            "camera_to_world": [
                0.7533825858601727,
                -0.06863963946442073,
                0.6539902674361178,
                0.7102596992999903,
                0.657322542794158,
                0.05064897841850428,
                -0.7519054241239794,
                -0.9793124700299648,
                0.018486577773026234,
                0.99635499832981,
                0.0832764413084481,
                0.04554350463726937,
                0.0,
                0.0,
                0.0,
                1.0
            ],
            "fov": 39.33953629190312,
            "aspect": 1.7777777777777777,
            "frame_num": 941
        },
        {
            "camera_to_world": [
                0.7168323945661327,
                -0.07197839784382122,
                0.693520309024005,
                0.7438638373204401,
                0.697007645738285,
                0.04799542665526118,
                -0.715455653349549,
                -0.9455434290887739,
                0.01821154798894607,
                0.9962507470902451,
                0.08457417084150516,
                0.04263031163496053,
                0.0,
                0.0,
                0.0,
                1.0
            ],
            "fov": 39.33953629190312,
            "aspect": 1.7777777777777777,
            "frame_num": 939
        },
        {
            "camera_to_world": [
                0.7351060321823426,
                -0.07040168432331527,
                0.6742868195196342,
                0.7273796626484712,
                0.6777019444681911,
                0.049289469270941855,
                -0.7336829245595802,
                -0.9625679703766208,
                0.01841727365197623,
                0.996300232298961,
                0.08394434515688226,
                0.04467647761952091,
                0.0,
                0.0,
                0.0,
                1.0
            ],
            "fov": 39.33953629190312,
            "aspect": 1.7777777777777777,
            "frame_num": 940
        },
        {
            "camera_to_world": [
                0.698120652078188,
                -0.07322527331063189,
                0.7122258105227863,
                0.7593883116588661,
                0.7157545367486609,
                0.04640634777494499,
                -0.6968083704413848,
                -0.9277711494512978,
                0.01797218415596403,
                0.9962351690478031,
                0.08480855193028937,
                0.03917060775561503,
                0.0,
                0.0,
                0.0,
                1.0
            ],
            "fov": 39.33953629190312,
            "aspect": 1.7777777777777777,
            "frame_num": 938
        },
        {
            "camera_to_world": [
                0.6785061946382719,
                -0.07565278302583302,
                0.7306887100142359,
                0.7743261410648468,
                0.7343701363385363,
                0.04526309978102297,
                -0.6772383374851199,
                -0.9094187416849814,
                0.018161728439513046,
                0.9961063748557608,
                0.0862684387441711,
                0.03564449022831295,
                0.0,
                0.0,
                0.0,
                1.0
            ],
            "fov": 39.33953629190312,
            "aspect": 1.7777777777777777,
            "frame_num": 937
        },
        {
            "camera_to_world": [
                0.6583022337244993,
                -0.07761423891480027,
                0.7487417376341072,
                0.7886540370906524,
                0.7525307444065921,
                0.043646921456988105,
                -0.6571091508094108,
                -0.8903582517274299,
                0.01832075422205086,
                0.9960275990013682,
                0.08713996743089736,
                0.03288346333936912,
                0.0,
                0.0,
                0.0,
                1.0
            ],
            "fov": 39.33953629190312,
            "aspect": 1.7777777777777777,
            "frame_num": 936
        },
        {
            "camera_to_world": [
                0.6372675775346911,
                -0.08033583828301143,
                0.7664438520823059,
                0.8022408336692524,
                0.7704184059510729,
                0.04242396212698025,
                -0.6361255366014903,
                -0.8708045866606902,
                0.01858809268012933,
                0.9958646305237863,
                0.08892762458196395,
                0.030348536749957418,
                0.0,
                0.0,
                0.0,
                1.0
            ],
            "fov": 39.33953629190312,
            "aspect": 1.7777777777777777,
            "frame_num": 935
        },
        {
            "camera_to_world": [
                0.6157407114075263,
                -0.08310174429217944,
                0.7835543804327058,
                0.8147497215835038,
                0.7877264195994159,
                0.04129495582337853,
                -0.6146395900004384,
                -0.850787878126202,
                0.01872077789764503,
                0.995685105100171,
                0.09088842549038675,
                0.02895626573099738,
                0.0,
                0.0,
                0.0,
                1.0
            ],
            "fov": 39.33953629190312,
            "aspect": 1.7777777777777777,
            "frame_num": 934
        },
        {
            "camera_to_world": [
                0.5933444970720991,
                -0.08570811765253958,
                0.8003726738507799,
                0.8266700726427854,
                0.8047216765829228,
                0.03954913461220984,
                -0.59233343675355,
                -0.8301431659846319,
                0.01911373663730484,
                0.9955350251575861,
                0.09243744202322657,
                0.028356380636664964,
                0.0,
                0.0,
                0.0,
                1.0
            ],
            "fov": 39.33953629190312,
            "aspect": 1.7777777777777777,
            "frame_num": 933
        },
        {
            "camera_to_world": [
                0.570476104147804,
                -0.08892303866101849,
                0.8164861900093388,
                0.8379290598286783,
                0.8210796740045485,
                0.037991730021345885,
                -0.5695478983315161,
                -0.8090247524661385,
                0.019626206240505133,
                0.9953136809246802,
                0.09468627421290875,
                0.02893739996648424,
                0.0,
                0.0,
                0.0,
                1.0
            ],
            "fov": 39.33953629190312,
            "aspect": 1.7777777777777777,
            "frame_num": 932
        },
        {
            "camera_to_world": [
                0.5223181981340581,
                -0.09396932193350502,
                0.8475573473917145,
                0.8584876474765425,
                0.8525177147041714,
                0.034310956791121505,
                -0.5215710071188122,
                -0.7654117569925598,
                0.01993116968316483,
                0.994983681556055,
                0.09803174916206085,
                0.03267992795710469,
                0.0,
                0.0,
                0.0,
                1.0
            ],
            "fov": 39.33953629190312,
            "aspect": 1.7777777777777777,
            "frame_num": 930
        },
        {
            "camera_to_world": [
                0.5467045221500858,
                -0.09173136749270763,
                0.8322857155826324,
                0.8485385365986231,
                0.8370930373831843,
                0.03645074844705179,
                -0.5458448504928133,
                -0.7874130336983707,
                0.019733656661174628,
                0.995116425822482,
                0.09671547851621726,
                0.030699997557568217,
                0.0,
                0.0,
                0.0,
                1.0
            ],
            "fov": 39.33953629190312,
            "aspect": 1.7777777777777777,
            "frame_num": 931
        },
        {
            "camera_to_world": [
                0.4976701151483992,
                -0.09667511204117968,
                0.8619619306467865,
                0.8678486515270701,
                0.8671372882147811,
                0.03261513860307478,
                -0.4970001883588129,
                -0.743301900402176,
                0.019934540371469897,
                0.9947814720956982,
                0.1000621747057653,
                0.03482752173909129,
                0.0,
                0.0,
                0.0,
                1.0
            ],
            "fov": 39.33953629190312,
            "aspect": 1.7777777777777777,
            "frame_num": 929
        },
        {
            "camera_to_world": [
                0.4726041727850573,
                -0.09929319994855909,
                0.8756632611880313,
                0.8765323402466975,
                0.8810489916320917,
                0.030741863286615677,
                -0.4720250240114597,
                -0.7210096721146539,
                0.019949354133535675,
                0.9945832293281549,
                0.1020109069677678,
                0.037627420450735125,
                0.0,
                0.0,
                0.0,
                1.0
            ],
            "fov": 39.33953629190312,
            "aspect": 1.7777777777777777,
            "frame_num": 928
        },
        {
            "camera_to_world": [
                0.44705505788753414,
                -0.10090214506932994,
                0.8887972339189134,
                0.8847175553894892,
                0.8942874174064218,
                0.02842934662161024,
                -0.4465890711006004,
                -0.6984533725902228,
                0.019793869892059474,
                0.994490085996339,
                0.10294500231309638,
                0.039739759508350694,
                0.0,
                0.0,
                0.0,
                1.0
            ],
            "fov": 39.33953629190312,
            "aspect": 1.7777777777777777,
            "frame_num": 927
        },
        {
            "camera_to_world": [
                0.4211496924765852,
                -0.10271388320487913,
                0.9011563601330137,
                0.8925789744657012,
                0.9067716428016952,
                0.025824477469021074,
                -0.42083048283298446,
                -0.675762463449477,
                0.019953240226660326,
                0.9943756615751402,
                0.10401400772498003,
                0.04106980505796854,
                0.0,
                0.0,
                0.0,
                1.0
            ],
            "fov": 39.33953629190312,
            "aspect": 1.7777777777777777,
            "frame_num": 926
        },
        {
            "camera_to_world": [
                0.39519216736313084,
                -0.10498251900639813,
                0.9125797566471839,
                0.9002133640339993,
                0.9183825201372274,
                0.02361374479370117,
                -0.3949885427078739,
                -0.6529073492541504,
                0.019917465987004102,
                0.9941936750601436,
                0.10574607770794747,
                0.04185952537785987,
                0.0,
                0.0,
                0.0,
                1.0
            ],
            "fov": 39.33953629190312,
            "aspect": 1.7777777777777777,
            "frame_num": 925
        },
        {
            "camera_to_world": [
                0.3686329493449135,
                -0.10673591670769561,
                0.9234268695604266,
                0.9073188449953536,
                0.9293639975250394,
                0.021151008764594872,
                -0.3685582803842499,
                -0.6298150883664524,
                0.01980699536821532,
                0.9940624128701319,
                0.10699347730048046,
                0.042301544501086384,
                0.0,
                0.0,
                0.0,
                1.0
            ],
            "fov": 39.33953629190312,
            "aspect": 1.7777777777777777,
            "frame_num": 924
        },
        {
            "camera_to_world": [
                0.3417698768516899,
                -0.109038141550718,
                0.9334366746856894,
                0.9137395606285846,
                0.9395789553885475,
                0.018914299025417476,
                -0.34180937229780567,
                -0.6064239417474552,
                0.01961495758749841,
                0.9938576028511266,
                0.10891428109024857,
                0.042339212439128346,
                0.0,
                0.0,
                0.0,
                1.0
            ],
            "fov": 39.33953629190312,
            "aspect": 1.7777777777777777,
            "frame_num": 923
        },
        {
            "camera_to_world": [
                0.2862613453804857,
                -0.11306486160415805,
                0.9514571823764415,
                0.9242531791974963,
                0.9579520572354723,
                0.01350859545829144,
                -0.28661016205701334,
                -0.5587520150599694,
                0.01955268737236892,
                0.9934957758749755,
                0.11217770574696145,
                0.042209751336053744,
                0.0,
                0.0,
                0.0,
                1.0
            ],
            "fov": 39.33953629190312,
            "aspect": 1.7777777777777777,
            "frame_num": 921
        },
        {
            "camera_to_world": [
                0.31450255946432387,
                -0.11158759872698823,
                0.9426750970430181,
                0.9193802568298294,
                0.9490539435940855,
                0.016442085204105884,
                -0.3146844150731514,
                -0.5827532576767681,
                0.019615333214972597,
                0.9936185723941766,
                0.11107372879208226,
                0.042449122844354044,
                0.0,
                0.0,
                0.0,
                1.0
            ],
            "fov": 39.33953629190312,
            "aspect": 1.7777777777777777,
            "frame_num": 922
        },
        {
            "camera_to_world": [
                0.25790357439844186,
                -0.11480860501255248,
                0.9593251384238347,
                0.928346406438179,
                0.9659744859827383,
                0.010631986163876632,
                -0.2584187771967679,
                -0.5345849721826885,
                0.019469166951119783,
                0.9933307338681012,
                0.11364421068775084,
                0.04118597842593497,
                0.0,
                0.0,
                0.0,
                1.0
            ],
            "fov": 39.33953629190312,
            "aspect": 1.7777777777777777,
            "frame_num": 920
        },
        {
            "camera_to_world": [
                0.22893143383614273,
                -0.11597658474700015,
                0.96650909001234,
                0.9318278515902013,
                0.9732531971155065,
                0.007686860015256398,
                -0.22960648421773378,
                -0.5102524868372372,
                0.019199555020835653,
                0.9932222036061799,
                0.11463434599734605,
                0.039377572456380114,
                0.0,
                0.0,
                0.0,
                1.0
            ],
            "fov": 39.33953629190312,
            "aspect": 1.7777777777777777,
            "frame_num": 919
        },
        {
            "camera_to_world": [
                0.20010686718443418,
                -0.11705672252227309,
                0.9727563703735409,
                0.9347158781601919,
                0.9795859224863166,
                0.004445961660259707,
                -0.2009767772625096,
                -0.48569342293190476,
                0.019200844540066635,
                0.9931152797646349,
                0.1155567851686454,
                0.0369553502945549,
                0.0,
                0.0,
                0.0,
                1.0
            ],
            "fov": 39.33953629190312,
            "aspect": 1.7777777777777777,
            "frame_num": 918
        },
        {
            "camera_to_world": [
                0.17097983682790374,
                -0.11806216717837131,
                0.9781754498880967,
                0.9367274437872108,
                0.9850849689454192,
                0.001010087277747526,
                -0.17206566998902106,
                -0.46098872218454495,
                0.01932640253150779,
                0.9930056929203299,
                0.11647397101738427,
                0.03438446904556531,
                0.0,
                0.0,
                0.0,
                1.0
            ],
            "fov": 39.33953629190312,
            "aspect": 1.7777777777777777,
            "frame_num": 917
        },
        {
            "camera_to_world": [
                0.14151659277685077,
                -0.1193856034072978,
                0.9827105994911406,
                0.9379602284960061,
                0.9897434222394106,
                -0.002510845683360722,
                -0.14283439675040024,
                -0.43631998624129387,
