{
    "w": 1920,
    "h": 1080,
    "fl_x": 1474.7295634489797,
    "fl_y": 1455.6129003500596,
    "cx": 959.2528124141602,
    "cy": 572.4150790645214,
    "k1": 0.007550354105892354,
    "k2": -0.007913120255810806,
    "p1": -0.00044478380616392574,
    "p2": -0.0008279461512469022,
    "camera_model": "OPENCV",
    "frames": [
        {
            "file_path": "images/frame_03848.jpg",
            "transform_matrix": [
                [
                    0.9991520562932372,
                    0.04115797797085771,
                    -0.0010905293879633425,
                    -0.11720874543870889
                ],
                [
                    -0.0020416089366203454,
                    0.023073071583227696,
                    -0.9997316966069772,
                    -2.631382595294613
                ],
                [
                    -0.041121773283086076,
                    0.9988862068409323,
                    0.023137535413021534,
                    -1.890639447836622
                ],
                [
                    0.0,
                    0.0,
                    0.0,
                    1.0
                ]
            ],
            "colmap_im_id": 3848
        },
        {
            "file_path": "images/frame_03847.jpg",
            "transform_matrix": [
                [
                    0.9991350754072107,
                    0.041552745712796074,
                    -0.0015717553102441789,
                    -0.11920379549710382
                ],
                [
                    -0.002532853947373261,
                    0.023087087877517364,
                    -0.9997302491293425,
                    -2.631483340157977
                ],
                [
                    -0.041505249570492266,
                    0.998869538877357,
                    0.023172366323439064,
                    -1.8904765166886572
                ],
                [
                    0.0,
                    0.0,
                    0.0,
                    1.0
                ]
            ],
            "colmap_im_id": 3847
        },
        {
            "file_path": "images/frame_03846.jpg",
            "transform_matrix": [
                [
                    0.9991175547285446,
                    0.041939519600146996,
                    -0.002277834270223656,
                    -0.12161202406795547
                ],
                [
                    -0.0032446100898976087,
                    0.022998048040706466,
                    -0.9997302447618968,
                    -2.631406609944545
                ],
                [
                    -0.04187582045307595,
                    0.998855428218732,
                    0.02311383091042033,
                    -1.8906779017370101
                ],
                [
                    0.0,
                    0.0,
                    0.0,
                    1.0
                ]
            ],
            "colmap_im_id": 3846
        },
        {
            "file_path": "images/frame_03844.jpg",
            "transform_matrix": [
                [
                    0.9990791267583204,
                    0.04276849916850084,
                    -0.003428404104782991,
                    -0.12588555297311352
                ],
                [
                    -0.004413330616491587,
                    0.022956130938589184,
                    -0.999726731944885,
                    -2.631590873922007
                ],
                [
                    -0.042678109010373076,
                    0.9988212410292466,
                    0.023123742778677084,
                    -1.890443921826274
                ],
                [
                    0.0,
                    0.0,
                    0.0,
                    1.0
                ]
            ],
            "colmap_im_id": 3845
        },
        {
            "file_path": "images/frame_03845.jpg",
            "transform_matrix": [
                [
                    0.9990995035526311,
                    0.04233552998388707,
                    -0.002808006743189752,
                    -0.12353466255957629
                ],
                [
                    -0.003784519377717331,
                    0.023003558688081367,
                    -0.9997282199181754,
                    -2.631538570101491
                ],
                [
                    -0.04225942988217048,
                    0.9988385951637369,
                    0.02314306369879586,
                    -1.8905128903336652
                ],
                [
                    0.0,
                    0.0,
                    0.0,
                    1.0
                ]
            ],
            "colmap_im_id": 3844
        },
        {
            "file_path": "images/frame_03843.jpg",
            "transform_matrix": [
                [
                    0.9990582361567866,
                    0.043199842655377504,
                    -0.0040514641601193556,
                    -0.12811273810955062
                ],
                [
                    -0.005047090115892542,
                    0.022962877644350038,
                    -0.9997235783613652,
                    -2.631657739825199
                ],
                [
                    -0.043094868008292646,
                    0.9988025229467743,
                    0.023159285535322524,
                    -1.8902104658778693
                ],
                [
                    0.0,
                    0.0,
                    0.0,
                    1.0
                ]
            ],
            "colmap_im_id": 3843
        },
        {
            "file_path": "images/frame_03842.jpg",
            "transform_matrix": [
                [
                    0.9990366101154838,
                    0.04363663058687603,
                    -0.004657909400914908,
                    -0.1303408121975102
                ],
                [
                    -0.005665150859976414,
                    0.022987322441524186,
                    -0.9997197052537792,
                    -2.6318503136008924
                ],
                [
                    -0.043517326603277506,
                    0.9987829731618347,
                    0.023212384782907627,
                    -1.8900539227640685
                ],
                [
                    0.0,
                    0.0,
                    0.0,
                    1.0
                ]
            ],
            "colmap_im_id": 3842
        },
        {
            "file_path": "images/frame_03841.jpg",
            "transform_matrix": [
                [
                    0.9990129750992115,
                    0.04409963969562508,
                    -0.0053195264956753035,
                    -0.13297193871835294
                ],
                [
                    -0.006337028511228607,
                    0.022965198866427113,
                    -0.9997161805786047,
                    -2.6319274276873013
                ],
                [
                    -0.04396495937755452,
                    0.9987631458057217,
                    0.023221992317380473,
                    -1.8898459850163607
                ],
                [
                    0.0,
                    0.0,
                    0.0,
                    1.0
                ]
            ],
            "colmap_im_id": 3841
        },
        {
            "file_path": "images/frame_03840.jpg",
            "transform_matrix": [
                [
                    0.998985627347345,
                    0.04462948594078253,
                    -0.005993774945138373,
                    -0.1354958246002786
                ],
                [
                    -0.007023175241844706,
                    0.022944516209361887,
                    -0.9997120706410625,
                    -2.6318896868881234
                ],
                [
                    -0.04447911153512189,
                    0.9987400853878747,
                    0.02323468262030627,
                    -1.8896090334488507
                ],
                [
                    0.0,
                    0.0,
                    0.0,
                    1.0
                ]
            ],
            "colmap_im_id": 3840
        },
        {
            "file_path": "images/frame_03839.jpg",
            "transform_matrix": [
                [
                    0.9989603484606152,
                    0.04509434180051235,
                    -0.0066874913850311106,
                    -0.13795080825819434
                ],
                [
                    -0.007728325696378792,
                    0.022946563482640153,
                    -0.999706821126208,
                    -2.6321145946269273
                ],
                [
                    -0.04492766614656265,
                    0.9987191575022056,
                    0.023271210813090023,
                    -1.8892061328867482
                ],
                [
                    0.0,
                    0.0,
                    0.0,
                    1.0
                ]
            ],
            "colmap_im_id": 3839
        },
        {
            "file_path": "images/frame_03838.jpg",
            "transform_matrix": [
                [
                    0.9989307343002073,
                    0.04563321856009614,
                    -0.007416025505293442,
                    -0.14074096124652288
                ],
                [
                    -0.008470193581370026,
                    0.022951060262298352,
                    -0.9997007075387765,
                    -2.6324112039728127
                ],
                [
                    -0.04544935523352102,
                    0.9986945770337811,
                    0.023313041675730985,
                    -1.888780793062796
                ],
                [
                    0.0,
                    0.0,
                    0.0,
                    1.0
                ]
            ],
            "colmap_im_id": 3838
        },
        {
            "file_path": "images/frame_03837.jpg",
            "transform_matrix": [
                [
                    0.9989015724260087,
                    0.04614922033482748,
                    -0.008117762458632147,
                    -0.14337634141654973
                ],
                [
                    -0.009185470321762973,
                    0.022971198544420018,
                    -0.9996939287463943,
                    -2.632529484428899
                ],
                [
                    -0.04594862065193299,
                    0.9986704028356505,
                    0.023369868640289258,
                    -1.8884198224577669
                ],
                [
                    0.0,
                    0.0,
                    0.0,
                    1.0
                ]
            ],
            "colmap_im_id": 3837
        },
        {
            "file_path": "images/frame_03836.jpg",
            "transform_matrix": [
                [
                    0.9988681069550578,
                    0.046726606751785825,
                    -0.00889545555232812,
                    -0.1463823296956247
                ],
                [
                    -0.009977040859813123,
                    0.022965101088170892,
                    -0.9996864822471553,
                    -2.632781437886771
                ],
                [
                    -0.04650767209505439,
                    0.998643694394289,
                    0.02340530031477578,
                    -1.8880572929047117
                ],
                [
                    0.0,
                    0.0,
                    0.0,
                    1.0
                ]
            ],
            "colmap_im_id": 3836
        },
        {
            "file_path": "images/frame_03835.jpg",
            "transform_matrix": [
                [
                    0.9988367064726552,
                    0.047250967055749375,
                    -0.009621845724981341,
                    -0.1491942144859316
                ],
                [
                    -0.010715279747331464,
                    0.022942475243681607,
                    -0.9996793614002589,
                    -2.632997404380877
                ],
                [
                    -0.0470150676144923,
                    0.9986195416383506,
                    0.02342209374106366,
                    -1.8877711779161845
                ],
                [
                    0.0,
                    0.0,
                    0.0,
                    1.0
                ]
            ],
            "colmap_im_id": 3835
        },
        {
            "file_path": "images/frame_03834.jpg",
            "transform_matrix": [
                [
                    0.9988050454833608,
                    0.04776108126307837,
                    -0.010361478348346177,
                    -0.15234593361727058
                ],
                [
                    -0.011462074108322654,
                    0.022827791825961966,
                    -0.9996737031539269,
                    -2.633200074852172
                ],
                [
                    -0.047508967302151935,
                    0.9985979025798782,
                    0.023347954705945653,
                    -1.8874603365008513
                ],
                [
                    0.0,
                    0.0,
                    0.0,
                    1.0
                ]
            ],
            "colmap_im_id": 3834
        },
        {
            "file_path": "images/frame_03833.jpg",
            "transform_matrix": [
                [
                    0.9987714413460133,
                    0.0482946516383447,
                    -0.011101106914991506,
                    -0.15533640006563548
                ],
                [
                    -0.01221680427912658,
                    0.02286837250488793,
                    -0.9996638371133485,
                    -2.6334903885114187
                ],
                [
                    -0.04802455252069151,
                    0.9985713115056473,
                    0.02343028367473872,
                    -1.8862941543550182
                ],
                [
                    0.0,
                    0.0,
                    0.0,
                    1.0
                ]
            ],
            "colmap_im_id": 3833
        },
        {
            "file_path": "images/frame_03832.jpg",
            "transform_matrix": [
                [
                    0.9987340945118035,
                    0.04887256312429717,
                    -0.011902984220343174,
                    -0.15858473447453236
                ],
                [
                    -0.013028328663143013,
                    0.02277247174879225,
                    -0.9996557793474191,
                    -2.6337329465864294
                ],
                [
                    -0.048584679806841134,
                    0.9985453856005304,
                    0.0233803717668192,
                    -1.8860509851820808
                ],
                [
                    0.0,
                    0.0,
                    0.0,
                    1.0
                ]
            ],
            "colmap_im_id": 3832
        },
        {
            "file_path": "images/frame_03831.jpg",
            "transform_matrix": [
                [
                    0.9986975994632263,
                    0.04943507286860321,
                    -0.01262055453872808,
                    -0.1616499219657294
                ],
                [
                    -0.013763371938913785,
                    0.022845756723069342,
                    -0.9996442572198478,
                    -2.6339476397026735
                ],
                [
                    -0.049129160579641895,
                    0.9985160213888539,
                    0.023496395691968115,
                    -1.8850975319910437
                ],
                [
                    0.0,
                    0.0,
                    0.0,
                    1.0
                ]
            ],
            "colmap_im_id": 3831
        },
        {
            "file_path": "images/frame_03830.jpg",
            "transform_matrix": [
                [
                    0.9986605603233064,
                    0.0499811561319662,
                    -0.013377940291830035,
                    -0.16486655078399434
                ],
                [
                    -0.014533419886935161,
                    0.022826844646937128,
                    -0.9996337903801844,
                    -2.6341916014757123
                ],
                [
                    -0.04965747638704356,
                    0.998489268442669,
                    0.02352266659402363,
                    -1.8847732570883897
                ],
                [
                    0.0,
                    0.0,
                    0.0,
                    1.0
                ]
            ],
            "colmap_im_id": 3830
        },
        {
            "file_path": "images/frame_03829.jpg",
            "transform_matrix": [
                [
                    0.9986167421294415,
                    0.050628513958560536,
                    -0.014189993415379751,
                    -0.16829915230537013
                ],
                [
                    -0.015360869292846637,
                    0.022813141930824326,
                    -0.9996217305810294,
                    -2.6343778419409873
                ],
                [
                    -0.05028564440621957,
                    0.9984569665887418,
                    0.02355928345810486,
                    -1.8844048430936062
                ],
                [
                    0.0,
                    0.0,
                    0.0,
                    1.0
                ]
            ],
            "colmap_im_id": 3829
        },
        {
            "file_path": "images/frame_03828.jpg",
            "transform_matrix": [
                [
                    0.9985696583249962,
                    0.051308462483902105,
                    -0.015035928645701819,
                    -0.17184748449460424
                ],
                [
                    -0.01622311843545064,
                    0.022800788453654477,
                    -0.999608390558083,
                    -2.6344370893990834
                ],
                [
                    -0.05094553857728827,
                    0.9984225386695905,
                    0.02360055879932349,
                    -1.8839484849608241
                ],
                [
                    0.0,
                    0.0,
                    0.0,
                    1.0
                ]
            ],
            "colmap_im_id": 3828
        },
        {
            "file_path": "images/frame_03827.jpg",
            "transform_matrix": [
                [
                    0.998522470949876,
                    0.051974962244157145,
                    -0.015858067595787426,
                    -0.1752814214793193
                ],
                [
                    -0.01706213827894522,
                    0.02280509840749871,
                    -0.9995943231751441,
                    -2.6344474945760803
                ],
                [
                    -0.05159223241442722,
                    0.99838796606647,
                    0.023658207204963456,
                    -1.8837729747675256
                ],
                [
                    0.0,
                    0.0,
                    0.0,
                    1.0
                ]
            ],
            "colmap_im_id": 3827
        },
        {
            "file_path": "images/frame_03826.jpg",
            "transform_matrix": [
                [
                    0.998472605489166,
                    0.05264642799017116,
                    -0.0167573777051155,
                    -0.17894244019967664
                ],
                [
                    -0.017978301882092214,
                    0.022803652224756766,
                    -0.9995782981370936,
                    -2.634517164070969
                ],
                [
                    -0.05224209748002599,
                    0.9983528169265053,
                    0.023715315426942832,
                    -1.8835301900667438
                ],
                [
                    0.0,
                    0.0,
                    0.0,
                    1.0
                ]
            ],
            "colmap_im_id": 3826
        },
        {
            "file_path": "images/frame_03825.jpg",
            "transform_matrix": [
                [
                    0.9984140310317106,
                    0.05346117891835718,
                    -0.017644403862706572,
                    -0.18245961428822108
                ],
                [
                    -0.018886801296765617,
                    0.022823812990684787,
                    -0.9995610848254062,
                    -2.634584499963088
                ],
                [
                    -0.0530350014215837,
                    0.9983090583127182,
                    0.023797325794865366,
                    -1.8831494864635028
                ],
                [
                    0.0,
                    0.0,
                    0.0,
                    1.0
                ]
            ],
            "colmap_im_id": 3825
        },
        {
            "file_path": "images/frame_03824.jpg",
            "transform_matrix": [
                [
                    0.9983620268525865,
                    0.05415097529484547,
                    -0.01846443103408734,
                    -0.1859234922146941
                ],
                [
                    -0.01972222746836178,
                    0.022785890933798732,
                    -0.9995458153171564,
                    -2.6346433870060157
                ],
                [
                    -0.05370565223960815,
                    0.9982727458209855,
                    0.023816546108707856,
                    -1.88301089913869
                ],
                [
                    0.0,
                    0.0,
                    0.0,
                    1.0
                ]
            ],
            "colmap_im_id": 3824
        },
        {
            "file_path": "images/frame_03823.jpg",
            "transform_matrix": [
                [
                    0.9983077603845916,
                    0.05483510843750968,
                    -0.019357852116050775,
                    -0.1898907405654809
                ],
                [
                    -0.020633232780527783,
                    0.022788566453862295,
                    -0.9995273637795028,
                    -2.6347737989614113
                ],
                [
                    -0.054368053679756556,
                    0.9982353390466723,
                    0.023881428295867327,
                    -1.8827061407140695
                ],
                [
                    0.0,
                    0.0,
                    0.0,
                    1.0
                ]
            ],
            "colmap_im_id": 3823
        },
        {
            "file_path": "images/frame_03822.jpg",
            "transform_matrix": [
                [
                    0.9982533630018172,
                    0.0555181925872092,
                    -0.0201978599710858,
                    -0.19332848405867634
                ],
                [
                    -0.02148959818866591,
                    0.022769211893392396,
                    -0.9995097599120498,
                    -2.6345966135204426
                ],
                [
                    -0.05503108599011769,
                    0.9981980230803923,
                    0.023922505996340028,
                    -1.8824813805658491
                ],
                [
                    0.0,
                    0.0,
                    0.0,
                    1.0
                ]
            ],
            "colmap_im_id": 3822
        },
        {
            "file_path": "images/frame_03821.jpg",
            "transform_matrix": [
                [
                    0.9981944071755352,
                    0.05627319086930492,
                    -0.02100603420136145,
                    -0.1968128441905527
                ],
                [
                    -0.022309427332693883,
                    0.02263462375213677,
                    -0.9994948540436247,
                    -2.634512672978396
                ],
                [
                    -0.05576930101381261,
                    0.9981588059006373,
                    0.02384917750038302,
                    -1.8827959151219513
                ],
                [
                    0.0,
                    0.0,
                    0.0,
                    1.0
                ]
            ],
            "colmap_im_id": 3821
        },
        {
            "file_path": "images/frame_03820.jpg",
            "transform_matrix": [
                [
                    0.9981348974803486,
                    0.05696842240048702,
                    -0.021939126716754985,
                    -0.2007020853930131
                ],
                [
                    -0.023258780554569394,
                    0.022605800100320126,
                    -0.9994738650554794,
                    -2.6345483949471538
                ],
                [
                    -0.05644249780979336,
                    0.9981200211653027,
                    0.023888654000747224,
                    -1.8825230141110187
                ],
                [
                    0.0,
                    0.0,
                    0.0,
                    1.0
                ]
            ],
            "colmap_im_id": 3820
        },
        {
            "file_path": "images/frame_03819.jpg",
            "transform_matrix": [
                [
                    0.9980742969104711,
                    0.05766457083548107,
                    -0.022858152091294808,
                    -0.2047883559352748
                ],
                [
                    -0.024200132240392108,
                    0.022682120632440284,
                    -0.9994497861339322,
                    -2.634471719295461
                ],
                [
                    -0.05711437162585713,
                    0.9980783128963253,
                    0.02403393184246542,
                    -1.8819372138495845
                ],
                [
                    0.0,
                    0.0,
                    0.0,
                    1.0
                ]
            ],
            "colmap_im_id": 3819
        },
        {
            "file_path": "images/frame_03818.jpg",
            "transform_matrix": [
                [
                    0.9980158943400735,
                    0.058343008556043484,
                    -0.023672093215696115,
                    -0.20810763503661192
                ],
                [
                    -0.02502838246709225,
                    0.02262667212324884,
                    -0.9994306448071861,
                    -2.6345031071423657
                ],
                [
                    -0.05777416996949517,
                    0.9980401430109195,
                    0.024042009547445294,
                    -1.8818664298538148
                ],
                [
                    0.0,
                    0.0,
                    0.0,
                    1.0
                ]
            ],
            "colmap_im_id": 3818
        },
        {
            "file_path": "images/frame_03817.jpg",
            "transform_matrix": [
                [
                    0.9979504118591409,
                    0.059065490316319066,
                    -0.024622008932332032,
                    -0.21214786729616442
                ],
                [
                    -0.025993709609853217,
                    0.022568461542597583,
                    -0.9994073201674676,
                    -2.6343323004264314
                ],
                [
                    -0.05847480252971912,
                    0.9979989641263627,
                    0.024057536694708438,
                    -1.881890841107885
                ],
                [
                    0.0,
                    0.0,
                    0.0,
                    1.0
                ]
            ],
            "colmap_im_id": 3817
        },
        {
            "file_path": "images/frame_03816.jpg",
            "transform_matrix": [
                [
                    0.9978836241607886,
                    0.0597633300165764,
                    -0.025624539353128313,
                    -0.21594137174476122
                ],
                [
                    -0.02701144661601613,
                    0.022515293036345585,
                    -0.9993815304132839,
                    -2.634128987119049
                ],
                [
                    -0.05914942420210322,
                    0.9979586193649601,
                    0.0240819362124888,
                    -1.8815049111320112
                ],
                [
                    0.0,
                    0.0,
                    0.0,
                    1.0
                ]
            ],
            "colmap_im_id": 3816
        },
        {
            "file_path": "images/frame_03815.jpg",
            "transform_matrix": [
                [
                    0.9978164761200529,
                    0.06045470629399751,
                    -0.026599031378352452,
                    -0.21987035738513677
                ],
                [
                    -0.027998458845198474,
                    0.02242023245919117,
                    -0.999356502694994,
                    -2.6341256380032534
                ],
                [
                    -0.05981944738673041,
                    0.997919115792148,
                    0.024063915952393614,
                    -1.8816789001511722
                ],
                [
                    0.0,
                    0.0,
                    0.0,
                    1.0
                ]
            ],
            "colmap_im_id": 3815
        },
        {
            "file_path": "images/frame_03814.jpg",
            "transform_matrix": [
                [
                    0.9977481454167241,
                    0.06113380489258524,
                    -0.02759159685199196,
                    -0.223882831862107
                ],
                [
                    -0.029012959412889335,
                    0.022485490961871978,
                    -0.9993260983694511,
                    -2.633907556486404
                ],
                [
                    -0.060472196120147384,
                    0.9978762751942543,
                    0.024208529506096355,
                    -1.881258426415588
                ],
                [
                    0.0,
                    0.0,
                    0.0,
                    1.0
                ]
            ],
            "colmap_im_id": 3814
        },
        {
            "file_path": "images/frame_03813.jpg",
            "transform_matrix": [
                [
                    0.9976715373753449,
                    0.06187523409486169,
                    -0.028687260531843416,
                    -0.22810237320018922
                ],
                [
                    -0.030124556677990157,
                    0.02242233918673797,
                    -0.9992946261190186,
                    -2.6337741483030612
                ],
                [
                    -0.06118835343486826,
                    0.9978319969369097,
                    0.024234093604438872,
                    -1.881078290585859
                ],
                [
                    0.0,
                    0.0,
                    0.0,
                    1.0
                ]
            ],
            "colmap_im_id": 3813
        },
        {
            "file_path": "images/frame_03812.jpg",
            "transform_matrix": [
                [
                    0.9976028516189293,
                    0.06255245478169139,
                    -0.029592918790904758,
                    -0.23178448150833939
                ],
                [
                    -0.031050647172219503,
                    0.022461700156950766,
                    -0.9992653948457565,
                    -2.6338640730351655
                ],
                [
                    -0.06184179615734786,
                    0.9977888867024145,
                    0.024350150331965952,
                    -1.88032075856086
                ],
                [
                    0.0,
                    0.0,
                    0.0,
                    1.0
                ]
            ],
            "colmap_im_id": 3812
        },
        {
            "file_path": "images/frame_03811.jpg",
            "transform_matrix": [
                [
                    0.9975266287799046,
                    0.0632642852102852,
                    -0.03063094990088179,
                    -0.23608723246483115
                ],
                [
                    -0.03209660024048323,
                    0.022281991664169956,
                    -0.9992363689840761,
                    -2.6335186492901648
                ],
                [
                    -0.06253345606954133,
                    0.9977480358609129,
                    0.02425744849915583,
                    -1.8804367194418063
                ],
                [
                    0.0,
                    0.0,
                    0.0,
                    1.0
                ]
            ],
            "colmap_im_id": 3811
        },
        {
            "file_path": "images/frame_03810.jpg",
            "transform_matrix": [
                [
                    0.99744731531099,
                    0.06402542400418502,
                    -0.03161642389617603,
                    -0.24030555075726553
                ],
                [
                    -0.033099523879136866,
                    0.02223731630283932,
                    -0.9992046453467989,
                    -2.633261250197194
                ],
                [
                    -0.06327143666673622,
                    0.9977004795251588,
                    0.024299762496686778,
                    -1.8800555657687041
                ],
                [
                    0.0,
                    0.0,
                    0.0,
                    1.0
                ]
            ],
            "colmap_im_id": 3810
        },
        {
            "file_path": "images/frame_03809.jpg",
            "transform_matrix": [
                [
                    0.99737567858935,
                    0.06471566418556897,
                    -0.032459799251608905,
                    -0.24401126768548234
                ],
                [
                    -0.0339543534116593,
                    0.022129377054094977,
                    -0.9991783587306092,
                    -2.633310705255471
                ],
                [
                    -0.06394417598835897,
                    0.9976583450661949,
                    0.024268680989114635,
                    -1.8800749681361273
                ],
                [
                    0.0,
                    0.0,
                    0.0,
                    1.0
                ]
            ],
            "colmap_im_id": 3809
        },
        {
            "file_path": "images/frame_03808.jpg",
            "transform_matrix": [
                [
                    0.9972989064410754,
                    0.06541897397648153,
                    -0.03339534481480217,
                    -0.24776352188022488
                ],
                [
                    -0.034908371042675045,
                    0.022123056624537688,
                    -0.9991456230183537,
                    -2.6329000874027866
                ],
                [
                    -0.06462427440661929,
                    0.9976126142994842,
                    0.024346969995587546,
                    -1.8799440478783085
                ],
                [
                    0.0,
                    0.0,
                    0.0,
                    1.0
                ]
            ],
            "colmap_im_id": 3808
        },
        {
            "file_path": "images/frame_03807.jpg",
            "transform_matrix": [
                [
                    0.997210776997449,
                    0.0661777616334664,
                    -0.03451333228374685,
                    -0.2524325799120565
                ],
                [
                    -0.03604884363480011,
                    0.02215047973936464,
                    -0.9991045176156045,
                    -2.6332059735299187
                ],
                [
                    -0.0653540137461958,
                    0.9975619580319309,
                    0.024474328892983965,
                    -1.8789231908633315
                ],
                [
                    0.0,
                    0.0,
                    0.0,
                    1.0
                ]
            ],
            "colmap_im_id": 3807
        },
        {
            "file_path": "images/frame_03806.jpg",
            "transform_matrix": [
                [
                    0.9971251059174038,
                    0.06694516171206898,
                    -0.035494625967196373,
                    -0.25679573956540563
                ],
                [
                    -0.03704566926035905,
                    0.022071165158642953,
                    -0.9990698084005902,
                    -2.632964290192461
                ],
                [
                    -0.06609948213305704,
                    0.9975125106944198,
                    0.024487741215898924,
                    -1.8786551466692023
                ],
                [
                    0.0,
                    0.0,
                    0.0,
                    1.0
                ]
            ],
            "colmap_im_id": 3806
        },
        {
            "file_path": "images/frame_03805.jpg",
            "transform_matrix": [
                [
                    0.9970434057306176,
                    0.06767808434459043,
                    -0.03638851451402892,
                    -0.26067416354621215
                ],
                [
                    -0.03796068595830574,
                    0.022090621272906317,
                    -0.9990350298029352,
                    -2.632967751332109
                ],
                [
                    -0.0668089321173904,
                    0.997462621530864,
                    0.02459441477470847,
                    -1.8779818996867965
                ],
                [
                    0.0,
                    0.0,
                    0.0,
                    1.0
                ]
            ],
            "colmap_im_id": 3805
        },
        {
            "file_path": "images/frame_03804.jpg",
            "transform_matrix": [
                [
                    0.9969566608104468,
                    0.06843063250583627,
                    -0.037345213890604065,
                    -0.26488521545780347
                ],
                [
                    -0.038931056505204266,
